"Title","Year","Length","Budget","Rating","Votes","r1","r2","r3","r4","r5","r6","r7","r8","r9","r10","mpaa","Action","Animation","Comedy","Drama","Documentary","Romance","Short"
"B*A*P*S",1997,91,-1,3.5,572,24.5,14.5,4.5,4.5,14.5,14.5,4.5,4.5,4.5,4.5,"PG-13",0,0,1,0,0,0,0
"B. Monkey",1998,93,-1,6.1,833,4.5,4.5,4.5,4.5,14.5,14.5,24.5,14.5,4.5,4.5,"R",0,0,0,0,0,1,0
"BASEketball",1998,103,-1,6.1,7096,4.5,4.5,4.5,4.5,4.5,14.5,14.5,14.5,4.5,14.5,"R",0,0,1,0,0,0,0
"Ba wang bie ji",1993,171,-1,7.7,3098,4.5,4.5,4.5,4.5,4.5,4.5,14.5,24.5,24.5,34.5,"R",0,0,0,1,0,1,0
"Baby Boy",2001,130,1.6e+07,6.2,1476,4.5,4.5,4.5,4.5,4.5,14.5,24.5,14.5,4.5,4.5,"R",0,0,0,1,0,1,0
"Baby Face Nelson",1995,93,-1,4.7,60,14.5,4.5,4.5,14.5,14.5,24.5,14.5,4.5,4.5,14.5,"R",1,0,0,0,0,0,0
"Baby Geniuses",1999,97,1.3e+07,2.4,3142,45.5,14.5,4.5,4.5,4.5,4.5,4.5,4.5,4.5,4.5,"PG",0,0,1,0,0,0,0
"Baby Take a Bow",1934,76,-1,5.8,98,4.5,4.5,4.5,4.5,14.5,14.5,14.5,4.5,4.5,24.5,"PG",0,0,1,1,0,0,0
"Baby-Sitters Club, The",1995,90,-1,5,607,4.5,4.5,4.5,4.5,14.5,14.5,4.5,14.5,4.5,14.5,"PG",0,0,1,0,0,0,0
"Babymother",1998,82,-1,3.1,29,14.5,4.5,4.5,4.5,4.5,4.5,14.5,14.5,4.5,24.5,"R",0,0,0,1,0,0,0
"Babysitter, The",1995,90,-1,4.1,879,14.5,4.5,14.5,14.5,14.5,14.5,4.5,4.5,4.5,4.5,"R",0,0,0,1,0,0,0
"Bachelor, The",1999,101,2.1e+07,5,4183,4.5,4.5,4.5,14.5,14.5,24.5,14.5,4.5,4.5,4.5,"PG-13",0,0,1,0,0,1,0
"BachelorMan",2003,87,-1,5.1,101,4.5,4.5,4.5,4.5,4.5,14.5,4.5,14.5,4.5,24.5,"R",0,0,1,0,0,0,0
"Back Lot Murders, The",2002,90,-1,3.7,119,24.5,4.5,14.5,4.5,4.5,14.5,4.5,4.5,4.5,14.5,"R",0,0,1,0,0,0,0
"Back in Business",1997,93,-1,4.1,93,14.5,4.5,14.5,14.5,14.5,14.5,4.5,4.5,4.5,4.5,"R",1,0,0,0,0,0,0
"Back of Beyond",1995,85,-1,5.2,67,4.5,4.5,4.5,4.5,4.5,24.5,14.5,14.5,4.5,14.5,"R",0,0,0,0,0,0,0
"Back to Even",1998,89,-1,3.9,40,24.5,4.5,14.5,14.5,24.5,4.5,4.5,4.5,0,4.5,"R",0,0,0,0,0,0,0
"Backdraft",1991,132,-1,6.6,12637,4.5,4.5,4.5,4.5,14.5,24.5,24.5,14.5,4.5,4.5,"R",1,0,0,1,0,0,0
"Backfire!",1995,93,-1,3.2,79,34.5,4.5,4.5,14.5,4.5,4.5,4.5,4.5,4.5,4.5,"PG-13",0,0,1,0,0,0,0
"Backstage",2000,86,-1,5,57,14.5,0,4.5,4.5,14.5,4.5,14.5,14.5,4.5,24.5,"R",0,0,0,0,1,0,0
"Backyard Dogs",2000,96,-1,1.9,1304,64.5,4.5,4.5,4.5,4.5,4.5,4.5,4.5,4.5,24.5,"R",1,0,0,1,0,0,0
"Bad Boys",1995,118,2.3e+07,6.4,15326,4.5,4.5,4.5,4.5,4.5,14.5,24.5,14.5,4.5,4.5,"R",1,0,1,0,0,0,0
"Bad Boys II",2003,145,1.3e+08,6.1,13087,4.5,4.5,4.5,4.5,4.5,14.5,24.5,14.5,4.5,14.5,"R",1,0,1,0,0,0,0
"Bad City Blues",1999,96,-1,4.6,36,14.5,14.5,14.5,4.5,4.5,14.5,4.5,4.5,4.5,24.5,"R",0,0,0,1,0,0,0
"Bad Company",2002,116,7e+07,5.4,6175,4.5,4.5,4.5,4.5,14.5,24.5,14.5,4.5,4.5,4.5,"PG-13",1,0,1,0,0,0,0
"Bad Day On the Block",1997,104,-1,4.8,356,4.5,4.5,4.5,14.5,14.5,24.5,14.5,4.5,4.5,4.5,"R",0,0,0,0,0,0,0
"Bad Faith",2000,97,-1,4.7,41,14.5,14.5,4.5,14.5,14.5,4.5,14.5,4.5,4.5,4.5,"R",0,0,0,1,0,0,0
"Bad Karma",2002,92,-1,4,174,14.5,4.5,14.5,14.5,4.5,4.5,4.5,4.5,4.5,14.5,"R",0,0,0,0,0,0,0
"Bad Manners",1997,88,-1,6.3,140,4.5,4.5,4.5,4.5,4.5,14.5,24.5,14.5,14.5,14.5,"R",0,0,0,1,0,0,0
"Bad Moon",1996,80,7e+06,4.4,519,4.5,4.5,14.5,14.5,14.5,14.5,14.5,4.5,4.5,14.5,"R",1,0,0,0,0,0,0
"Bad Santa",2003,98,1.8e+07,7.2,11189,4.5,4.5,4.5,4.5,4.5,14.5,24.5,24.5,14.5,14.5,"R",0,0,1,0,0,0,0
"Badge, The",2002,103,6e+06,6.3,740,4.5,4.5,4.5,4.5,14.5,24.5,24.5,14.5,4.5,4.5,"R",1,0,0,1,0,0,0
"Bai ga jai",1982,100,-1,7.7,278,4.5,4.5,0,4.5,4.5,4.5,14.5,24.5,24.5,34.5,"R",1,0,1,0,0,0,0
"Bait",2000,119,3.5e+07,5.6,1884,4.5,4.5,4.5,4.5,14.5,24.5,24.5,4.5,4.5,4.5,"R",1,0,1,0,0,0,0
"Balance of Power",1996,92,-1,4.3,63,4.5,4.5,14.5,14.5,14.5,4.5,14.5,4.5,4.5,4.5,"R",1,0,0,0,0,0,0
"Ball in the House",2001,95,-1,5.8,63,4.5,4.5,0,4.5,14.5,14.5,14.5,14.5,4.5,24.5,"R",0,0,1,1,0,0,0
"Ballad of Jack and Rose, The",2005,112,1500000,6.2,269,4.5,4.5,4.5,4.5,4.5,4.5,14.5,14.5,4.5,34.5,"R",0,0,0,1,0,0,0
"Ballad of Ramblin' Jack, The",2000,112,-1,7.9,108,0,4.5,4.5,0,4.5,4.5,14.5,34.5,24.5,14.5,"PG-13",0,0,0,0,1,0,0
"Ballistic: Ecks vs. Sever",2002,91,7e+07,3.4,4556,24.5,14.5,14.5,14.5,14.5,4.5,4.5,4.5,4.5,4.5,"R",1,0,0,0,0,0,0
"Bamboozled",2000,135,1e+07,6.3,2356,4.5,4.5,4.5,4.5,4.5,14.5,14.5,14.5,14.5,14.5,"R",0,0,1,1,0,0,0
"Bananas",1971,82,2e+06,7.1,4252,4.5,4.5,4.5,4.5,4.5,14.5,24.5,24.5,14.5,4.5,"PG-13",0,0,1,0,0,0,0
"Bandits",1997,110,-1,6.3,1065,4.5,4.5,4.5,4.5,4.5,14.5,14.5,14.5,14.5,24.5,"R",0,0,0,1,0,0,0
"Bandits",2001,123,8e+07,6.7,12382,4.5,4.5,4.5,4.5,4.5,14.5,24.5,24.5,4.5,4.5,"PG-13",0,0,1,1,0,1,0
"Bandolero!",1968,106,-1,6.3,598,4.5,4.5,4.5,4.5,14.5,14.5,24.5,14.5,14.5,14.5,"PG-13",0,0,0,0,0,0,0
"Banger Sisters, The",2002,98,1e+07,5.6,3189,4.5,4.5,4.5,4.5,14.5,24.5,14.5,4.5,4.5,4.5,"R",0,0,1,1,0,0,0
"Bangkok Dangerous",1999,105,-1,6.5,651,4.5,4.5,4.5,4.5,4.5,24.5,24.5,14.5,14.5,4.5,"R",1,0,0,0,0,1,0
"Baptists at Our Barbecue",2004,92,5e+05,5.9,62,14.5,4.5,4.5,4.5,4.5,4.5,14.5,4.5,4.5,24.5,"PG",0,0,1,0,0,1,0
"Bar Girls",1994,93,-1,5.4,215,4.5,4.5,4.5,14.5,14.5,14.5,14.5,14.5,4.5,4.5,"R",0,0,0,1,0,0,0
"Baran",2001,94,-1,7.8,733,4.5,4.5,4.5,4.5,4.5,4.5,14.5,24.5,14.5,24.5,"PG",0,0,0,1,0,1,0
"Barbershop",2002,102,1.2e+07,6.6,4943,4.5,4.5,4.5,4.5,4.5,14.5,24.5,24.5,4.5,4.5,"PG-13",0,0,1,1,0,0,0
"Barbershop 2: Back in Business",2004,106,1.8e+07,5.7,1580,4.5,4.5,4.5,4.5,14.5,24.5,24.5,4.5,4.5,4.5,"PG-13",0,0,1,0,0,0,0
"Bark!",2002,100,-1,4.3,198,14.5,4.5,4.5,4.5,4.5,14.5,4.5,14.5,4.5,14.5,"R",0,0,1,0,0,0,0
"Bartleby",2001,83,-1,6.1,434,4.5,4.5,4.5,4.5,4.5,14.5,24.5,14.5,4.5,14.5,"PG-13",0,0,1,1,0,0,0
"Basic",2003,98,5e+07,6.2,8370,4.5,4.5,4.5,4.5,14.5,24.5,24.5,14.5,4.5,4.5,"R",0,0,0,1,0,0,0
"Basic Instinct",1992,128,4.9e+07,6.7,19520,4.5,4.5,4.5,4.5,4.5,14.5,24.5,24.5,4.5,4.5,"R",0,0,0,0,0,0,0
"Basil",1998,113,1e+07,6.1,367,4.5,4.5,4.5,4.5,14.5,24.5,24.5,14.5,4.5,4.5,"R",0,0,0,1,0,1,0
"Basket, The",1999,105,3e+06,6.3,200,4.5,4.5,4.5,4.5,4.5,4.5,14.5,14.5,4.5,34.5,"PG",0,0,0,1,0,0,0
"Basketball Diaries, The",1995,102,-1,6.6,6280,4.5,4.5,4.5,4.5,4.5,14.5,24.5,24.5,14.5,14.5,"R",0,0,0,1,0,0,0
"Basquiat",1996,108,-1,6.6,3126,4.5,4.5,4.5,4.5,4.5,14.5,24.5,24.5,14.5,14.5,"R",0,0,0,1,0,0,0
"Bastard Out of Carolina",1996,97,-1,7.4,805,4.5,4.5,4.5,4.5,4.5,4.5,14.5,24.5,14.5,24.5,"R",0,0,0,1,0,0,0
"Batman & Robin",1997,125,1.1e+08,3.6,28457,24.5,14.5,14.5,14.5,14.5,4.5,4.5,4.5,4.5,4.5,"PG-13",1,0,0,0,0,0,0
"Batman Forever",1995,122,1e+08,5.4,24025,4.5,4.5,4.5,14.5,14.5,24.5,14.5,4.5,4.5,4.5,"PG-13",1,0,0,0,0,1,0
"Battle of Shaker Heights, The",2003,90,1e+06,6,854,4.5,4.5,4.5,4.5,4.5,14.5,24.5,14.5,4.5,14.5,"PG-13",0,0,1,1,0,1,0
"BattleQueen 2020",2001,95,-1,2.9,116,24.5,14.5,14.5,14.5,4.5,4.5,4.5,4.5,4.5,4.5,"R",1,0,0,0,0,0,0
"Battlefield Earth: A Saga of the Year 3000",2000,119,7.3e+07,2.4,14970,45.5,14.5,4.5,4.5,4.5,4.5,4.5,4.5,4.5,4.5,"PG-13",1,0,0,0,0,0,0
"Baxter, The",2005,91,-1,9.1,19,0,0,0,0,0,14.5,14.5,14.5,0,64.5,"PG-13",0,0,1,1,0,1,0
"Be Cool",2005,118,5.3e+07,5.5,4560,4.5,4.5,4.5,4.5,14.5,14.5,14.5,14.5,4.5,14.5,"PG-13",0,0,1,0,0,0,0
"Beach, The",2000,119,5e+07,5.8,15020,4.5,4.5,4.5,4.5,14.5,14.5,24.5,14.5,4.5,4.5,"R",0,0,0,1,0,0,0
"Bean",1997,90,2.2e+07,5.4,9018,4.5,4.5,4.5,4.5,14.5,24.5,14.5,4.5,4.5,4.5,"PG-13",0,0,1,0,0,0,0
"Beat",2000,93,-1,5.3,279,4.5,4.5,4.5,14.5,14.5,14.5,14.5,4.5,4.5,4.5,"R",0,0,0,1,0,0,0
"Beautician and the Beast, The",1997,118,-1,4.9,1213,4.5,4.5,4.5,14.5,14.5,14.5,14.5,4.5,4.5,4.5,"PG",0,0,1,0,0,1,0
"Beautiful",2000,112,9e+06,5.3,991,4.5,4.5,4.5,4.5,14.5,14.5,14.5,4.5,4.5,4.5,"PG-13",0,0,1,1,0,0,0
"Beautiful Country, The",2004,137,6e+06,6.9,115,14.5,4.5,4.5,4.5,4.5,4.5,14.5,24.5,14.5,24.5,"R",0,0,0,1,0,0,0
"Beautiful Creatures",2000,86,-1,5.8,706,4.5,4.5,4.5,4.5,14.5,24.5,24.5,14.5,4.5,4.5,"R",0,0,1,1,0,0,0
"Beautiful Girls",1996,112,-1,7.1,7452,4.5,4.5,4.5,4.5,4.5,14.5,14.5,24.5,14.5,14.5,"R",0,0,1,1,0,1,0
"Beautiful Joe",2000,98,-1,5.7,524,4.5,4.5,4.5,14.5,14.5,24.5,24.5,4.5,4.5,4.5,"R",0,0,1,1,0,1,0
"Beautiful Mind, A",2001,135,6e+07,7.8,43291,4.5,4.5,4.5,4.5,4.5,4.5,14.5,24.5,24.5,14.5,"PG-13",0,0,0,1,0,0,0
"Beautiful People",1999,107,-1,7,906,4.5,4.5,4.5,4.5,4.5,14.5,24.5,24.5,14.5,4.5,"R",0,0,1,0,0,0,0
"Beautiful Thing",1996,90,-1,7.5,4409,4.5,4.5,4.5,4.5,4.5,4.5,4.5,14.5,14.5,44.5,"R",0,0,0,1,0,1,0
"Beauty Shop",2005,104,-1,4.6,518,24.5,4.5,4.5,4.5,4.5,14.5,14.5,4.5,4.5,14.5,"PG-13",0,0,1,0,0,0,0
"Beavis and Butt-Head Do America",1996,81,1.2e+07,6.2,9491,4.5,4.5,4.5,4.5,14.5,14.5,24.5,14.5,4.5,14.5,"PG-13",0,1,1,0,0,0,0
"Because of Winn-Dixie",2005,106,1.4e+07,5.9,483,14.5,4.5,4.5,4.5,4.5,4.5,14.5,14.5,4.5,34.5,"PG",0,0,1,1,0,0,0
"Bed of Roses",1996,87,-1,5.9,2049,4.5,4.5,4.5,4.5,14.5,14.5,14.5,14.5,4.5,14.5,"PG",0,0,0,1,0,1,0
"Bedazzled",2000,93,4.8e+07,5.9,11439,4.5,4.5,4.5,4.5,14.5,24.5,24.5,14.5,4.5,4.5,"PG-13",0,0,1,0,0,0,0
"Beeper",2002,94,-1,5.3,39,24.5,0,4.5,4.5,14.5,4.5,4.5,14.5,4.5,34.5,"R",0,0,0,0,0,0,0
"Before Night Falls",2000,133,-1,7.2,3608,4.5,4.5,4.5,4.5,4.5,14.5,24.5,24.5,14.5,14.5,"R",0,0,0,1,0,0,0
"Before Sunset",2004,80,1e+07,8.3,8789,4.5,4.5,4.5,4.5,4.5,4.5,4.5,14.5,24.5,34.5,"R",0,0,0,1,0,1,0
"Behind Enemy Lines",2001,106,4e+07,6.1,10856,4.5,4.5,4.5,4.5,14.5,24.5,24.5,14.5,4.5,4.5,"PG-13",1,0,0,1,0,0,0
"Behind the Red Door",2002,105,-1,7,336,4.5,4.5,4.5,4.5,4.5,14.5,14.5,14.5,14.5,24.5,"R",0,0,0,1,0,0,0
"Being Julia",2004,104,1.8e+07,7.2,1671,4.5,4.5,4.5,4.5,4.5,14.5,24.5,24.5,14.5,14.5,"R",0,0,1,1,0,0,0
"Believer, The",2001,98,-1,7.3,3327,4.5,4.5,4.5,4.5,4.5,4.5,24.5,24.5,14.5,14.5,"R",0,0,0,1,0,0,0
"Bella Martha",2001,109,-1,7.4,1585,4.5,4.5,4.5,4.5,4.5,4.5,24.5,34.5,14.5,14.5,"PG",0,0,1,1,0,1,0
"Belly",1998,96,1e+07,4.5,1034,14.5,4.5,4.5,4.5,14.5,14.5,14.5,14.5,4.5,14.5,"R",0,0,0,1,0,0,0
"Belly of the Beast",2003,91,1.8e+07,4.2,638,14.5,4.5,4.5,14.5,14.5,14.5,14.5,4.5,4.5,14.5,"R",1,0,0,0,0,0,0
"Beloved",1998,172,5.3e+07,5.6,1934,14.5,4.5,4.5,4.5,14.5,14.5,14.5,14.5,4.5,14.5,"R",0,0,0,1,0,0,0
"Below",2002,105,-1,6.3,3175,4.5,4.5,4.5,4.5,14.5,24.5,24.5,14.5,4.5,4.5,"R",0,0,0,0,0,0,0
"Below Utopia",1997,83,-1,4.7,256,4.5,4.5,4.5,14.5,24.5,14.5,14.5,4.5,4.5,4.5,"R",0,0,0,1,0,0,0
"Bend It Like Beckham",2002,115,-1,7.3,14437,4.5,4.5,4.5,4.5,4.5,14.5,24.5,24.5,14.5,14.5,"PG-13",0,0,1,1,0,1,0
"Beneath Loch Ness",2001,96,-1,2.7,233,34.5,14.5,14.5,4.5,4.5,4.5,4.5,4.5,4.5,4.5,"PG-13",1,0,0,0,0,0,0
"Benji: Off the Leash!",2004,97,-1,4.7,93,14.5,4.5,4.5,4.5,4.5,4.5,4.5,4.5,4.5,34.5,"PG",0,0,0,1,0,0,0
"Bent",1997,108,-1,6.8,854,4.5,4.5,4.5,4.5,4.5,14.5,14.5,24.5,14.5,14.5,"R",0,0,0,1,0,0,0
"Beowulf",1999,99,2e+07,3.7,2058,24.5,14.5,14.5,14.5,14.5,4.5,4.5,4.5,4.5,4.5,"R",1,0,0,0,0,0,0
"Bereft",2004,98,-1,6,37,14.5,4.5,4.5,0,14.5,14.5,14.5,4.5,14.5,14.5,"R",0,0,0,1,0,0,0
"Besieged",1998,93,-1,6.7,995,4.5,4.5,4.5,4.5,4.5,14.5,14.5,24.5,14.5,14.5,"R",0,0,0,1,0,0,0
"Best Laid Plans",1999,92,7e+06,6.3,1795,4.5,4.5,4.5,4.5,14.5,24.5,24.5,14.5,4.5,4.5,"R",0,0,0,1,0,0,0
"Best Man in Grass Creek",1999,88,-1,5.7,69,4.5,4.5,4.5,4.5,4.5,14.5,14.5,14.5,14.5,24.5,"PG",0,0,1,0,0,1,0
"Best Thief in the World, The",2004,93,-1,2.7,113,14.5,34.5,4.5,4.5,4.5,4.5,4.5,4.5,4.5,14.5,"R",0,0,1,1,0,0,0
"Best Two Years, The",2003,112,-1,7,174,14.5,4.5,4.5,4.5,4.5,4.5,4.5,4.5,14.5,34.5,"PG",0,0,1,0,0,0,0
"Best in Show",2000,90,6e+06,7.5,11790,4.5,4.5,4.5,4.5,4.5,4.5,24.5,24.5,24.5,14.5,"PG-13",0,0,1,0,0,0,0
"Best of the Best 3: No Turning Back",1995,90,-1,4.4,255,4.5,4.5,14.5,14.5,14.5,14.5,4.5,4.5,4.5,4.5,"R",1,0,0,0,0,0,0
"Best of the Best: Without Warning",1999,90,-1,4.3,96,4.5,4.5,14.5,14.5,14.5,4.5,14.5,4.5,4.5,4.5,"R",1,0,0,0,0,0,0
"Betaville",2001,99,-1,5.2,5,24.5,24.5,24.5,0,0,0,0,0,0,44.5,"PG-13",0,0,1,0,0,0,0
"Better Luck Tomorrow",2002,98,250000,7.3,2697,4.5,4.5,4.5,4.5,4.5,14.5,24.5,24.5,14.5,14.5,"R",0,0,0,1,0,0,0
"Better Than Chocolate",1999,102,-1,6.3,1513,4.5,4.5,4.5,4.5,4.5,14.5,14.5,14.5,4.5,14.5,"R",0,0,1,0,0,1,0
"Better Way to Die, A",2000,97,-1,5.6,458,4.5,4.5,4.5,14.5,14.5,14.5,14.5,14.5,4.5,4.5,"R",1,0,0,0,0,0,0
"Between Strangers",2002,95,-1,6.1,204,4.5,4.5,4.5,4.5,14.5,14.5,14.5,14.5,4.5,14.5,"R",0,0,0,1,0,0,0
"Between the Lies",1997,90,-1,3,20,24.5,14.5,14.5,4.5,14.5,0,14.5,0,14.5,24.5,"R",0,0,0,1,0,0,0
"Beverly Hills Ninja",1997,88,-1,4.7,3468,4.5,4.5,4.5,14.5,14.5,14.5,14.5,4.5,4.5,4.5,"PG-13",1,0,1,0,0,0,0
"Beware: Children at Play",1989,94,-1,3.2,125,14.5,14.5,14.5,14.5,14.5,14.5,4.5,4.5,4.5,4.5,"R",0,0,0,0,0,0,0
"Beyond Bedlam",1993,89,-1,3.3,165,24.5,14.5,24.5,4.5,4.5,4.5,4.5,4.5,4.5,4.5,"R",0,0,0,0,0,0,0
"Beyond Borders",2003,127,3.5e+07,5.4,1905,14.5,4.5,4.5,4.5,14.5,14.5,14.5,4.5,4.5,14.5,"R",0,0,0,1,0,1,0
"Beyond Desire",1996,87,-1,4.6,92,14.5,4.5,4.5,4.5,24.5,14.5,14.5,4.5,4.5,4.5,"R",1,0,0,0,0,0,0
"Beyond Paradise",1998,105,-1,5,41,4.5,4.5,4.5,4.5,4.5,4.5,4.5,14.5,14.5,34.5,"PG-13",0,0,0,1,0,0,0
"Beyond Rangoon",1995,100,2.3e+07,6.4,1285,4.5,4.5,4.5,4.5,4.5,14.5,24.5,14.5,4.5,14.5,"R",0,0,0,1,0,0,0
"Beyond Re-Animator",2003,96,3e+06,6.1,908,4.5,4.5,4.5,4.5,14.5,14.5,24.5,14.5,4.5,4.5,"R",0,0,1,0,0,0,0
"Beyond the City Limits",2001,91,-1,4.5,219,14.5,14.5,14.5,14.5,14.5,14.5,4.5,4.5,4.5,4.5,"R",0,0,0,1,0,0,0
"Beyond the Gates of Splendor",2005,96,-1,8.9,15,0,0,0,0,4.5,4.5,4.5,4.5,14.5,64.5,"PG-13",0,0,0,0,1,0,0
"Beyond the Mat",1999,108,5e+05,7.3,2243,4.5,4.5,4.5,4.5,4.5,4.5,14.5,24.5,14.5,24.5,"R",0,0,0,0,1,0,0
"Beyond the Sea",2004,118,2.4e+07,6.7,1051,4.5,4.5,4.5,4.5,4.5,14.5,14.5,24.5,14.5,24.5,"PG-13",0,0,0,1,0,0,0
"Bhaji on the Beach",1993,100,-1,6.6,275,4.5,4.5,4.5,4.5,4.5,14.5,24.5,24.5,4.5,14.5,"R",0,0,1,1,0,0,0
"Bi xie lan tian",1998,96,-1,5.5,136,4.5,4.5,4.5,4.5,14.5,14.5,14.5,14.5,4.5,14.5,"R",1,0,0,0,0,0,0
"Bicentennial Man",1999,132,1e+08,6.2,8925,4.5,4.5,4.5,4.5,4.5,14.5,24.5,14.5,4.5,14.5,"PG",0,0,0,1,0,1,0
"Big Ain't Bad",2002,118,-1,5.9,15,0,24.5,0,0,0,4.5,14.5,0,14.5,44.5,"R",0,0,0,0,0,0,0
"Big Bad Love",2001,111,-1,5.6,189,4.5,4.5,4.5,4.5,14.5,14.5,14.5,14.5,14.5,24.5,"R",0,0,0,1,0,0,0
"Big Bounce, The",2004,88,5e+07,4.7,2505,4.5,4.5,14.5,14.5,24.5,14.5,14.5,4.5,4.5,4.5,"PG-13",0,0,1,0,0,0,0
"Big Brass Ring, The",1999,104,7e+06,5.4,271,4.5,4.5,4.5,14.5,14.5,24.5,14.5,14.5,4.5,4.5,"R",0,0,0,1,0,0,0
"Big Bully",1996,90,1.5e+07,4.2,781,14.5,4.5,14.5,14.5,14.5,14.5,4.5,4.5,4.5,4.5,"PG",0,0,1,1,0,0,0
"Big Daddy",1999,93,34200000,5.9,18258,4.5,4.5,4.5,4.5,14.5,24.5,24.5,14.5,4.5,4.5,"PG-13",0,0,1,0,0,0,0
"Big Eden",2000,117,-1,7.4,842,4.5,4.5,4.5,4.5,4.5,4.5,14.5,14.5,14.5,34.5,"PG-13",0,0,0,1,0,1,0
"Big Empty, The",2003,94,-1,5.9,696,4.5,4.5,4.5,4.5,14.5,14.5,14.5,14.5,4.5,4.5,"R",0,0,1,1,0,0,0
"Big Fall, The",1996,90,-1,4.1,34,4.5,14.5,4.5,4.5,34.5,4.5,4.5,4.5,4.5,14.5,"R",0,0,0,0,0,0,0
"Big Fat Liar",2002,88,1.5e+07,5.5,2453,4.5,4.5,4.5,4.5,14.5,24.5,14.5,14.5,4.5,4.5,"PG",0,0,1,0,0,0,0
"Big Fish",2003,125,7e+07,8.1,31525,4.5,4.5,4.5,4.5,4.5,4.5,14.5,24.5,24.5,24.5,"PG-13",0,0,1,1,0,0,0
"Big Green, The",1995,100,-1,4.6,610,4.5,4.5,14.5,14.5,24.5,14.5,4.5,4.5,4.5,4.5,"PG",0,0,1,0,0,0,0
"Big Hit, The",1998,91,1.3e+07,5.7,6206,4.5,4.5,4.5,4.5,14.5,14.5,24.5,14.5,4.5,4.5,"R",1,0,1,0,0,0,0
"Big Jake",1971,110,-1,6.6,1139,4.5,4.5,4.5,4.5,4.5,14.5,24.5,24.5,14.5,14.5,"PG-13",1,0,0,0,0,0,0
"Big Kahuna, The",1999,90,-1,6.6,3724,4.5,4.5,4.5,4.5,4.5,14.5,24.5,24.5,14.5,14.5,"R",0,0,1,1,0,0,0
"Big Lebowski, The",1998,117,1.5e+07,8,50179,4.5,4.5,4.5,4.5,4.5,4.5,14.5,24.5,24.5,34.5,"R",0,0,1,0,0,0,0
"Big Momma's House",2000,98,3e+07,4.7,7509,14.5,4.5,4.5,14.5,14.5,14.5,14.5,4.5,4.5,4.5,"PG-13",0,0,1,0,0,0,0
"Big Night",1996,107,-1,7.3,4563,4.5,4.5,4.5,4.5,4.5,4.5,14.5,24.5,14.5,14.5,"R",0,0,0,1,0,0,0
"Big One, The",1997,91,-1,7.5,2395,4.5,4.5,4.5,4.5,4.5,4.5,14.5,24.5,14.5,14.5,"PG-13",0,0,1,0,1,0,0
"Big Red One, The",1980,158,-1,7.1,1838,4.5,4.5,4.5,4.5,4.5,14.5,24.5,24.5,14.5,14.5,"R",1,0,0,1,0,0,0
"Big Squeeze, The",1996,98,-1,4.8,105,4.5,4.5,14.5,14.5,14.5,24.5,14.5,4.5,4.5,4.5,"R",0,0,0,1,0,0,0
"Big Tease, The",1999,86,4e+06,6.1,670,4.5,4.5,4.5,4.5,14.5,14.5,24.5,14.5,14.5,4.5,"R",0,0,1,0,0,0,0
"Big Time",2004,29,-1,7.8,14,14.5,4.5,0,0,0,0,0,14.5,4.5,45.5,"R",0,0,0,0,0,0,0
"Big Trouble",2002,85,4e+07,6.4,4088,4.5,4.5,4.5,4.5,4.5,14.5,24.5,14.5,4.5,4.5,"PG-13",0,0,1,0,0,0,0
"Bigfoot: The Unforgettable Encounter",1994,88,-1,3.5,67,14.5,14.5,4.5,24.5,14.5,4.5,4.5,4.5,4.5,4.5,"PG",0,0,0,0,0,0,0
"Bigger Than the Sky",2005,106,750000,7.3,32,4.5,4.5,4.5,4.5,4.5,4.5,14.5,14.5,4.5,34.5,"PG-13",0,0,1,1,0,1,0
"Biggie and Tupac",2002,108,-1,6.9,465,4.5,4.5,4.5,4.5,4.5,14.5,24.5,24.5,4.5,14.5,"R",0,0,0,0,1,0,0
"Bike Squad, The",2002,79,-1,3,44,24.5,24.5,4.5,4.5,4.5,14.5,0,0,4.5,14.5,"PG",0,0,1,0,0,0,0
"Biker Boyz",2003,110,-1,4,1580,14.5,4.5,14.5,14.5,14.5,14.5,4.5,4.5,4.5,4.5,"PG-13",1,0,0,1,0,0,0
"Bikini Bistro",1995,85,-1,2.4,246,34.5,14.5,4.5,4.5,4.5,4.5,4.5,4.5,4.5,14.5,"R",0,0,1,0,0,0,0
"Bikini Drive-In",1995,86,-1,3.7,123,4.5,14.5,14.5,14.5,14.5,4.5,4.5,4.5,4.5,14.5,"R",0,0,1,0,0,0,0
"Bikini Summer III: South Beach Heat",1997,87,-1,3.3,55,34.5,14.5,4.5,4.5,4.5,0,4.5,0,4.5,24.5,"R",0,0,1,0,0,0,0
"Billabong Odyssey",2003,87,-1,5.8,81,0,4.5,0,4.5,4.5,14.5,24.5,14.5,4.5,14.5,"PG",1,0,0,0,1,0,0
"Billy Elliot",2000,110,5e+06,7.7,16725,4.5,4.5,4.5,4.5,4.5,4.5,14.5,24.5,14.5,24.5,"R",0,0,0,1,0,0,0
"Billy Madison",1995,89,-1,6.1,11626,4.5,4.5,4.5,4.5,4.5,14.5,24.5,14.5,4.5,14.5,"PG-13",0,0,1,0,0,0,0
"Billy's Holiday",1995,92,-1,4.2,68,14.5,4.5,4.5,14.5,14.5,14.5,14.5,4.5,4.5,14.5,"R",0,0,0,0,0,0,0
"Billy's Hollywood Screen Kiss",1998,92,-1,6.5,1129,4.5,4.5,4.5,4.5,4.5,14.5,14.5,24.5,14.5,14.5,"R",0,0,1,0,0,1,0
"Bimbo Movie Bash",1997,90,-1,2.5,93,24.5,4.5,4.5,4.5,14.5,14.5,4.5,4.5,4.5,14.5,"R",0,0,1,0,0,0,0
"Bin-jip",2004,95,-1,8,886,4.5,4.5,4.5,4.5,4.5,4.5,14.5,24.5,24.5,24.5,"R",0,0,0,1,0,1,0
"Bio-Dome",1996,91,-1,3.7,4310,14.5,14.5,4.5,14.5,14.5,14.5,4.5,4.5,4.5,14.5,"PG-13",0,0,1,0,0,0,0
"Bird of Prey",1995,105,-1,4.3,42,4.5,4.5,4.5,4.5,14.5,14.5,4.5,4.5,0,24.5,"R",0,0,0,0,0,0,0
"Birdcage, The",1996,117,-1,6.5,12429,4.5,4.5,4.5,4.5,4.5,14.5,24.5,14.5,4.5,4.5,"R",0,0,1,1,0,0,0
"Birth",2004,100,2e+07,6,2600,4.5,4.5,4.5,4.5,14.5,14.5,14.5,14.5,4.5,14.5,"R",0,0,0,1,0,1,0
"Birthday Girl",2001,93,1.3e+07,6.1,5340,4.5,4.5,4.5,4.5,14.5,24.5,24.5,14.5,4.5,4.5,"R",0,0,1,1,0,1,0
"Bizita Q",2001,84,-1,7.1,1327,4.5,4.5,4.5,4.5,4.5,4.5,14.5,24.5,14.5,24.5,"R",0,0,1,1,0,0,0
"Black Cadillac",2003,93,-1,5.7,346,4.5,4.5,4.5,4.5,14.5,24.5,14.5,4.5,4.5,14.5,"R",0,0,0,0,0,0,0
"Black Circle Boys",1997,101,-1,4,284,14.5,4.5,4.5,4.5,14.5,14.5,14.5,4.5,4.5,14.5,"R",0,0,0,1,0,0,0
"Black Day Blue Night",1995,93,-1,5.8,166,4.5,4.5,4.5,4.5,14.5,14.5,24.5,14.5,4.5,4.5,"R",0,0,0,0,0,1,0
"Black Dog",1998,89,-1,4.7,1374,4.5,4.5,4.5,14.5,14.5,14.5,14.5,4.5,4.5,4.5,"PG-13",1,0,0,0,0,0,0
"Black Friday",2000,95,-1,3.2,59,34.5,4.5,4.5,4.5,4.5,4.5,4.5,4.5,0,14.5,"R",1,0,0,0,0,0,0
"Black Hawk Down",2001,142,9e+07,7.6,32530,4.5,4.5,4.5,4.5,4.5,4.5,14.5,24.5,14.5,14.5,"R",1,0,0,1,0,0,0
"Black Knight",2001,95,5e+07,4.1,3822,14.5,4.5,14.5,14.5,14.5,14.5,4.5,4.5,4.5,4.5,"PG-13",0,0,1,0,0,0,0
"Black Magic, The",2002,91,-1,7.4,11,24.5,0,0,0,0,0,0,4.5,0,64.5,"R",0,0,0,0,0,0,0
"Black Out",1996,98,-1,4.5,70,14.5,4.5,4.5,4.5,14.5,14.5,24.5,14.5,4.5,14.5,"R",1,0,0,1,0,0,0
"Black Point",2001,100,-1,5.1,127,4.5,4.5,14.5,14.5,24.5,14.5,14.5,4.5,4.5,4.5,"R",1,0,0,1,0,0,0
"Black Rose of Harlem",1996,87,-1,3.8,23,4.5,4.5,14.5,14.5,4.5,4.5,14.5,0,4.5,24.5,"R",1,0,0,0,0,0,0
"Black Scorpion II: Aftershock",1997,85,-1,3.3,164,24.5,14.5,4.5,14.5,4.5,4.5,4.5,4.5,4.5,14.5,"R",1,0,0,0,0,0,0
"Black Sheep",1996,87,-1,5.2,3634,4.5,4.5,4.5,14.5,14.5,14.5,14.5,14.5,4.5,4.5,"PG-13",0,0,1,0,0,0,0
"Black Thunder",1997,85,-1,3.5,96,14.5,14.5,14.5,24.5,14.5,14.5,4.5,4.5,0,4.5,"R",1,0,0,1,0,0,0
"Black and White",1999,98,1e+07,5.2,1699,14.5,4.5,4.5,14.5,14.5,14.5,14.5,4.5,4.5,4.5,"R",0,0,0,1,0,0,0
"BlackMale",2000,90,-1,4.4,129,14.5,4.5,4.5,14.5,4.5,4.5,14.5,14.5,4.5,14.5,"R",0,0,0,0,0,0,0
"Blackball",2003,96,-1,5.1,405,14.5,4.5,4.5,4.5,14.5,14.5,14.5,14.5,4.5,14.5,"R",0,0,1,1,0,0,0
"Blackout, The",1997,98,-1,4.4,526,14.5,4.5,4.5,14.5,14.5,14.5,14.5,4.5,4.5,4.5,"R",0,0,0,1,0,0,0
"Blacktop",2000,100,3500000,4.7,192,4.5,4.5,4.5,14.5,14.5,14.5,4.5,4.5,4.5,14.5,"R",0,0,0,0,0,0,0
"Blackwater Trail",1996,97,-1,4.7,36,4.5,4.5,4.5,14.5,24.5,4.5,24.5,14.5,14.5,4.5,"R",1,0,0,0,0,0,0
"Blackwoods",2002,90,-1,5,179,14.5,4.5,4.5,4.5,14.5,14.5,14.5,4.5,4.5,14.5,"R",0,0,0,1,0,0,0
"Blade",1998,110,4.5e+07,6.8,24372,4.5,4.5,4.5,4.5,4.5,14.5,24.5,24.5,14.5,4.5,"R",1,0,0,0,0,0,0
"Blade II",2002,108,5.5e+07,6.6,17139,4.5,4.5,4.5,4.5,4.5,14.5,24.5,14.5,4.5,4.5,"R",1,0,0,0,0,0,0
"Blade: Trinity",2004,124,6.5e+07,5.7,7439,4.5,4.5,4.5,4.5,14.5,14.5,14.5,14.5,4.5,14.5,"R",1,0,0,0,0,0,0
"Blair Witch Project, The",1999,86,35000,6.1,39814,14.5,4.5,4.5,4.5,4.5,14.5,14.5,14.5,14.5,14.5,"R",0,0,0,0,0,0,0
"Blast",1996,105,-1,4.4,156,14.5,14.5,14.5,4.5,14.5,14.5,4.5,4.5,4.5,4.5,"R",1,0,0,0,0,0,0
"Blast",2000,88,-1,5.6,57,4.5,14.5,4.5,4.5,4.5,4.5,14.5,4.5,4.5,34.5,"R",0,0,1,1,0,0,0
"Blast from the Past",1999,112,3.5e+07,6.4,9483,4.5,4.5,4.5,4.5,4.5,24.5,24.5,14.5,4.5,4.5,"PG-13",0,0,1,1,0,1,0
"Bleeders",1997,89,-1,3.8,486,14.5,14.5,14.5,14.5,14.5,4.5,4.5,4.5,4.5,4.5,"R",0,0,0,0,0,0,0
"Bless the Child",2000,107,4e+07,5,3814,4.5,4.5,4.5,14.5,14.5,14.5,14.5,4.5,4.5,4.5,"R",0,0,0,0,0,0,0
"Blessed",2004,98,-1,4.6,187,4.5,14.5,4.5,14.5,14.5,14.5,4.5,4.5,4.5,4.5,"R",0,0,0,1,0,0,0
"Blessed Art Thou",2000,90,-1,6.5,26,0,0,4.5,4.5,14.5,14.5,34.5,4.5,4.5,24.5,"PG-13",0,0,0,0,0,0,0
"Blind Faith",1998,122,-1,6.6,120,4.5,0,4.5,4.5,4.5,14.5,14.5,14.5,24.5,14.5,"R",0,0,0,1,0,0,0
"Blind Heat",2002,95,-1,2.9,20,24.5,14.5,24.5,4.5,14.5,4.5,0,4.5,4.5,14.5,"R",0,0,0,0,0,0,0
"Blind Horizon",2003,99,5100000,5.5,801,4.5,4.5,4.5,4.5,14.5,24.5,24.5,4.5,4.5,4.5,"R",0,0,0,1,0,0,0
"Blink of an Eye",1999,97,-1,4.7,51,0,14.5,24.5,4.5,24.5,4.5,4.5,4.5,0,4.5,"R",0,0,0,1,0,0,0
"Bliss",1997,103,-1,5.8,478,4.5,4.5,4.5,4.5,4.5,14.5,14.5,14.5,14.5,14.5,"R",0,0,0,1,0,1,0
"Blonde Heaven",1995,80,-1,3.4,70,34.5,14.5,4.5,4.5,4.5,4.5,4.5,4.5,4.5,14.5,"R",0,0,0,0,0,0,0
"Blondes Have More Guns",1995,90,-1,4.2,45,24.5,4.5,14.5,4.5,4.5,4.5,4.5,24.5,4.5,14.5,"R",0,0,0,0,0,0,0
"Blood & Donuts",1995,89,-1,5.2,234,4.5,4.5,4.5,4.5,4.5,4.5,14.5,14.5,14.5,14.5,"R",0,0,1,0,0,0,0
"Blood Dolls",1999,84,-1,3.4,241,24.5,14.5,4.5,4.5,14.5,4.5,4.5,4.5,4.5,14.5,"R",0,0,0,0,0,0,0
"Blood Feast 2: All U Can Eat",2002,99,-1,4.9,145,4.5,4.5,4.5,4.5,14.5,14.5,14.5,14.5,4.5,24.5,"R",0,0,1,0,0,0,0
"Blood Money",1996,90,-1,2.8,37,24.5,14.5,24.5,4.5,14.5,0,0,0,4.5,4.5,"R",0,0,0,0,0,0,0
"Blood Oranges, The",1997,93,-1,4,91,4.5,4.5,14.5,4.5,14.5,4.5,14.5,4.5,4.5,4.5,"R",0,0,0,1,0,0,0
"Blood Work",2002,110,5e+07,6.3,5965,4.5,4.5,4.5,4.5,14.5,24.5,24.5,14.5,4.5,4.5,"R",0,0,0,1,0,0,0
"Blood and Wine",1996,101,2.6e+07,6,2134,4.5,4.5,4.5,4.5,14.5,24.5,24.5,14.5,4.5,4.5,"R",0,0,0,1,0,0,0
"Blood for Dracula",1974,106,-1,5.4,751,4.5,4.5,4.5,4.5,4.5,14.5,14.5,14.5,4.5,14.5,"R",0,0,0,0,0,0,0
"Blood of the Hunter",1995,93,-1,4.2,59,14.5,4.5,4.5,4.5,4.5,4.5,4.5,4.5,4.5,44.5,"PG-13",0,0,0,0,0,0,0
"Blood of the Innocent",1994,95,-1,4.1,78,14.5,14.5,4.5,14.5,24.5,24.5,4.5,4.5,0,4.5,"R",1,0,0,0,0,0,0
"Blood, Guts, Bullets and Octane",1998,87,7300,5.3,285,14.5,4.5,4.5,4.5,14.5,14.5,14.5,14.5,4.5,4.5,"R",1,0,1,0,0,0,0
"Bloodfist VIII: Trained to Kill",1996,85,-1,2.6,34,14.5,14.5,4.5,24.5,4.5,4.5,14.5,4.5,0,14.5,"R",0,0,0,0,0,0,0
"Bloodletting, The",2004,87,-1,5.6,5,44.5,0,0,0,0,0,0,44.5,0,24.5,"R",0,0,0,0,0,0,0
"Bloodmoon",1997,102,-1,4.1,86,4.5,4.5,4.5,14.5,14.5,4.5,14.5,4.5,4.5,14.5,"R",1,0,0,0,0,0,0
"Bloodsport 2",1996,71,-1,4.3,274,4.5,4.5,14.5,14.5,14.5,14.5,4.5,4.5,4.5,4.5,"R",1,0,0,0,0,0,0
"Bloody Mallory",2002,94,-1,4.1,167,14.5,14.5,4.5,14.5,4.5,14.5,14.5,14.5,4.5,4.5,"R",1,0,1,0,0,0,0
"Bloody Sunday",2002,107,5e+06,7.6,2388,4.5,4.5,4.5,4.5,4.5,4.5,14.5,34.5,14.5,14.5,"R",0,0,0,1,0,0,0
"Bloom",2003,113,-1,4.2,58,14.5,4.5,14.5,4.5,4.5,4.5,14.5,4.5,14.5,24.5,"R",0,0,0,1,0,1,0
"Blow",2001,124,3e+07,7.1,18670,4.5,4.5,4.5,4.5,4.5,14.5,24.5,24.5,14.5,14.5,"R",0,0,0,1,0,0,0
"Blow Dry",2001,87,-1,6.1,1611,4.5,4.5,4.5,4.5,14.5,14.5,24.5,14.5,4.5,4.5,"R",0,0,1,1,0,1,0
"Blowback",2000,91,-1,4.3,201,14.5,4.5,14.5,14.5,14.5,14.5,4.5,4.5,4.5,4.5,"R",0,0,0,0,0,0,0
"Blue Car",2002,96,-1,7,819,4.5,4.5,4.5,4.5,4.5,14.5,24.5,24.5,14.5,4.5,"R",0,0,0,1,0,0,0
"Blue Collar Comedy Tour: The Movie",2003,105,-1,7.6,804,4.5,4.5,4.5,4.5,4.5,4.5,14.5,24.5,14.5,34.5,"PG-13",0,0,1,0,1,0,0
"Blue Crush",2002,104,3e+07,5.7,4791,4.5,4.5,4.5,4.5,14.5,24.5,14.5,14.5,4.5,4.5,"PG-13",0,0,0,1,0,1,0
"Blue Diner, The",2001,100,-1,5.8,51,4.5,4.5,4.5,4.5,4.5,4.5,14.5,14.5,14.5,24.5,"PG-13",0,0,0,1,0,0,0
"Blue Hawaii",1961,102,-1,5.3,682,4.5,4.5,4.5,14.5,14.5,24.5,14.5,14.5,4.5,14.5,"PG",0,0,1,0,0,0,0
"Blue Hill Avenue",2001,120,1200000,6.6,85,4.5,0,0,4.5,4.5,14.5,14.5,14.5,14.5,24.5,"R",0,0,0,1,0,0,0
"Blue Juice",1995,90,-1,5.1,574,4.5,4.5,4.5,4.5,14.5,14.5,14.5,4.5,4.5,14.5,"R",0,0,1,1,0,0,0
"Blue Moon",2000,89,-1,5.1,70,4.5,4.5,4.5,14.5,14.5,4.5,14.5,4.5,14.5,14.5,"PG-13",0,0,1,1,0,0,0
"Blue Ridge Fall",1999,105,-1,4.9,92,14.5,4.5,4.5,4.5,14.5,14.5,14.5,14.5,4.5,24.5,"R",0,0,0,1,0,0,0
"Blueberry",2004,124,-1,5.2,1256,14.5,4.5,4.5,14.5,14.5,14.5,14.5,14.5,4.5,4.5,"R",1,0,0,0,0,0,0
"Blues Brothers 2000",1998,123,2.8e+07,4.5,5267,14.5,4.5,14.5,14.5,14.5,14.5,14.5,4.5,4.5,4.5,"PG-13",0,0,1,0,0,0,0
"Boat Trip",2002,97,2e+07,4.5,2991,14.5,4.5,4.5,14.5,14.5,14.5,14.5,4.5,4.5,4.5,"R",0,0,1,0,0,0,0
"Bobby G. Can't Swim",1999,89,-1,6.2,98,4.5,4.5,4.5,4.5,14.5,14.5,24.5,14.5,4.5,24.5,"R",0,0,0,1,0,0,0
"Bobby Jones, Stroke of Genius",2004,120,-1,6.2,490,4.5,4.5,4.5,4.5,4.5,14.5,24.5,14.5,4.5,24.5,"PG",0,0,0,1,0,0,0
"Boca a boca",1995,106,-1,6.8,375,4.5,4.5,4.5,4.5,4.5,14.5,24.5,24.5,14.5,14.5,"R",0,0,1,0,0,0,0
"Bodily Harm",1995,91,-1,4.7,93,4.5,4.5,4.5,24.5,14.5,14.5,14.5,4.5,4.5,4.5,"R",0,0,0,0,0,0,0
"Body Shots",1999,106,-1,4.9,1805,4.5,4.5,4.5,14.5,14.5,14.5,14.5,4.5,4.5,4.5,"R",0,0,0,1,0,0,0
"Body and Soul",1998,91,-1,3.6,53,24.5,14.5,14.5,4.5,14.5,14.5,4.5,4.5,0,4.5,"R",0,0,0,0,0,0,0
"Body of Influence 2",1996,87,1200000,3.4,44,14.5,14.5,14.5,14.5,4.5,4.5,4.5,4.5,4.5,4.5,"R",0,0,0,0,0,0,0
"Body, The",2001,109,-1,5.3,1646,4.5,4.5,4.5,14.5,24.5,24.5,14.5,4.5,4.5,4.5,"PG-13",0,0,0,1,0,0,0
"Bodywork",1999,92,-1,4.8,52,4.5,4.5,4.5,4.5,14.5,4.5,14.5,14.5,4.5,24.5,"R",0,0,0,0,0,0,0
"Bogus",1996,110,3.2e+07,5,1007,4.5,4.5,4.5,14.5,24.5,24.5,14.5,4.5,4.5,4.5,"PG",0,0,1,1,0,0,0
"Boiler Room",2000,118,9e+06,6.8,8586,4.5,4.5,4.5,4.5,4.5,14.5,24.5,24.5,4.5,4.5,"R",0,0,0,1,0,0,0
"Boksuneun naui geot",2002,121,-1,7.6,1325,4.5,4.5,4.5,4.5,4.5,4.5,14.5,24.5,24.5,24.5,"R",1,0,0,1,0,0,0
"Bold Affair, A",1998,99,-1,4.1,71,14.5,14.5,14.5,4.5,24.5,14.5,4.5,4.5,0,4.5,"R",0,0,0,0,0,0,0
"Bollywood/Hollywood",2002,105,-1,6.1,593,14.5,4.5,4.5,4.5,4.5,14.5,14.5,14.5,4.5,4.5,"PG-13",0,0,1,1,0,1,0
"Bom yeoreum gaeul gyeoul geurigo bom",2003,103,-1,8.2,2829,4.5,4.5,4.5,4.5,4.5,4.5,14.5,24.5,24.5,24.5,"R",0,0,0,1,0,0,0
"Bombshell",1996,98,-1,4.3,65,14.5,4.5,14.5,14.5,14.5,4.5,4.5,14.5,4.5,14.5,"R",0,0,0,0,0,0,0
"Bon voyage",2003,115,2e+07,7.2,1061,4.5,4.5,4.5,4.5,4.5,14.5,24.5,24.5,14.5,14.5,"PG-13",0,0,1,1,0,0,0
"Bone Collector, The",1999,118,4.8e+07,6.2,17766,4.5,4.5,4.5,4.5,14.5,24.5,24.5,14.5,4.5,4.5,"R",0,0,0,1,0,0,0
"Bone Daddy",1998,90,-1,5.3,371,4.5,4.5,4.5,14.5,14.5,14.5,14.5,4.5,4.5,4.5,"R",0,0,0,0,0,0,0
"Bone Snatcher, The",2003,96,6e+06,4.1,400,14.5,4.5,14.5,24.5,14.5,14.5,4.5,4.5,4.5,4.5,"R",0,0,0,0,0,0,0
"Bones",2001,96,1.6e+07,4.2,1418,14.5,4.5,14.5,14.5,14.5,4.5,4.5,4.5,4.5,14.5,"R",0,0,0,0,0,0,0
"Bongwater",1997,97,-1,4.5,458,4.5,4.5,4.5,14.5,14.5,14.5,14.5,4.5,4.5,14.5,"R",0,0,1,0,0,1,0
"Boogeyman",2005,89,2e+07,4.1,2055,24.5,4.5,14.5,14.5,14.5,4.5,4.5,4.5,4.5,14.5,"PG-13",0,0,0,1,0,0,0
"Boogie Boy",1998,104,-1,5,203,4.5,4.5,4.5,14.5,14.5,4.5,14.5,14.5,14.5,14.5,"R",0,0,0,0,0,0,0
"Boogie Nights",1997,156,1.5e+07,7.6,27380,4.5,4.5,4.5,4.5,4.5,4.5,14.5,24.5,14.5,14.5,"R",0,0,0,1,0,0,0
"Book of Love",1990,82,-1,5.1,199,4.5,4.5,4.5,14.5,24.5,14.5,14.5,4.5,4.5,14.5,"R",0,0,1,0,0,1,0
"Book of Love",2004,83,-1,2.9,134,4.5,24.5,4.5,4.5,4.5,4.5,14.5,14.5,4.5,24.5,"R",0,0,1,1,0,0,0
"Book of Mormon Movie, Volume 1: The Journey, The",2003,120,2e+06,3.4,142,44.5,4.5,4.5,4.5,4.5,4.5,4.5,4.5,4.5,14.5,"PG-13",0,0,0,0,0,0,0
"Book of Shadows: Blair Witch 2",2000,90,1.5e+07,4.2,6532,14.5,14.5,4.5,4.5,14.5,14.5,14.5,4.5,4.5,4.5,"R",0,0,0,0,0,0,0
"Bookies",2003,88,-1,5.5,208,4.5,4.5,4.5,4.5,14.5,24.5,14.5,4.5,4.5,4.5,"R",0,0,1,1,0,0,0
"Boondock Saints, The",1999,110,-1,7.7,17935,4.5,4.5,4.5,4.5,4.5,4.5,14.5,24.5,14.5,34.5,"R",1,0,0,1,0,0,0
"Boot, Das",1981,216,1.4e+07,8.5,28920,4.5,4.5,4.5,4.5,4.5,4.5,4.5,24.5,24.5,34.5,"R",0,0,0,1,0,0,0
"Bootmen",2000,95,-1,6,465,4.5,4.5,4.5,4.5,14.5,14.5,24.5,14.5,4.5,4.5,"R",0,0,1,1,0,0,0
"Booty Call",1997,79,-1,4.9,1401,4.5,4.5,4.5,4.5,14.5,14.5,14.5,4.5,4.5,4.5,"R",0,0,1,0,0,1,0
"Bor lei jun",1999,99,-1,5.3,1421,4.5,4.5,4.5,4.5,14.5,14.5,14.5,14.5,4.5,4.5,"PG-13",1,0,1,0,0,1,0
"Bordello of Blood",1996,72,-1,4.6,2187,4.5,4.5,14.5,14.5,14.5,14.5,14.5,4.5,4.5,4.5,"R",0,0,1,0,0,0,0
"Boricua's Bond",2000,105,-1,3.8,78,24.5,4.5,4.5,14.5,14.5,14.5,4.5,4.5,4.5,14.5,"R",0,0,0,1,0,0,0
"Born Bad",1999,88,-1,5.1,92,4.5,4.5,4.5,4.5,14.5,14.5,14.5,4.5,4.5,34.5,"R",0,0,0,1,0,0,0
"Born Free",1966,95,-1,6.9,763,4.5,4.5,4.5,4.5,4.5,14.5,24.5,14.5,4.5,14.5,"PG",0,0,0,1,0,0,0
"Born Into Brothels: Calcutta's Red Light Kids",2004,85,-1,7.8,366,4.5,4.5,4.5,0,4.5,4.5,14.5,24.5,24.5,24.5,"R",0,0,0,0,1,0,0
"Born Romantic",2000,96,-1,6.2,406,4.5,4.5,4.5,4.5,4.5,24.5,24.5,14.5,4.5,4.5,"R",0,0,1,0,0,0,0
"Born Wild",1995,91,-1,4.4,16,0,24.5,24.5,4.5,4.5,14.5,14.5,0,0,4.5,"PG",0,0,0,1,0,0,0
"Borrowers, The",1997,89,2.9e+07,5.6,1457,4.5,4.5,4.5,4.5,14.5,24.5,24.5,4.5,4.5,4.5,"PG",0,0,1,0,0,0,0
"Bossa Nova",2000,95,-1,6.6,630,4.5,4.5,4.5,4.5,4.5,14.5,24.5,24.5,14.5,14.5,"R",0,0,1,1,0,1,0
"Boston Kickout",1995,110,-1,5.7,113,4.5,4.5,4.5,4.5,14.5,14.5,4.5,24.5,14.5,14.5,"R",0,0,0,0,0,0,0
"Botte di Natale",1994,107,-1,5,201,4.5,4.5,4.5,14.5,14.5,14.5,14.5,4.5,4.5,24.5,"PG",0,0,1,0,0,0,0
"Bounce",2000,106,3.5e+07,5.8,5390,4.5,4.5,4.5,4.5,14.5,24.5,24.5,14.5,4.5,4.5,"PG-13",0,0,0,1,0,1,0
"Bound",1996,109,4500000,7.5,11911,4.5,4.5,4.5,4.5,4.5,4.5,14.5,24.5,14.5,14.5,"R",0,0,0,0,0,1,0
"Bounty Hunters",1997,98,-1,4.9,76,14.5,4.5,4.5,14.5,14.5,14.5,4.5,4.5,0,4.5,"R",1,0,0,1,0,0,0
"Bourne Identity, The",2002,119,7.5e+07,7.3,29871,4.5,4.5,4.5,4.5,4.5,14.5,24.5,34.5,14.5,4.5,"PG-13",1,0,0,1,0,0,0
"Bourne Supremacy, The",2004,108,7.5e+07,7.3,19878,4.5,4.5,4.5,4.5,4.5,14.5,24.5,24.5,14.5,14.5,"PG-13",1,0,0,1,0,0,0
"Bowfinger",1999,97,5.5e+07,6.4,15000,4.5,4.5,4.5,4.5,14.5,14.5,24.5,14.5,4.5,4.5,"PG-13",0,0,1,0,0,0,0
"Bowling for Columbine",2002,120,4e+06,8.5,36747,4.5,4.5,4.5,4.5,4.5,4.5,4.5,14.5,24.5,34.5,"R",0,0,1,1,1,0,0
"Box of Moon Light",1996,112,-1,6.9,1433,4.5,4.5,4.5,4.5,4.5,14.5,24.5,24.5,14.5,14.5,"R",0,0,1,1,0,0,0
"Boxer, The",1997,113,-1,6.9,2375,4.5,4.5,4.5,4.5,4.5,14.5,24.5,24.5,14.5,4.5,"R",0,0,0,1,0,0,0
"Boy Called Hate, A",1996,97,-1,4.8,89,14.5,4.5,4.5,4.5,14.5,14.5,14.5,4.5,4.5,14.5,"R",0,0,0,1,0,0,0
"Boys",1996,86,-1,4.6,915,4.5,4.5,4.5,14.5,14.5,14.5,14.5,4.5,4.5,4.5,"PG-13",0,0,0,1,0,1,0
"Boys Club, The",1997,91,-1,6,353,4.5,4.5,4.5,4.5,4.5,14.5,14.5,4.5,4.5,34.5,"R",0,0,0,1,0,0,0
"Boys Don't Cry",1999,118,2e+06,7.6,14456,4.5,4.5,4.5,4.5,4.5,4.5,14.5,24.5,14.5,14.5,"R",0,0,0,1,0,0,0
"Boys On the Run",2001,97,-1,5.3,36,14.5,4.5,0,4.5,24.5,4.5,14.5,4.5,14.5,14.5,"R",1,0,0,0,0,1,0
"Boys and Girls",2000,94,1.6e+07,4.9,3483,14.5,4.5,4.5,14.5,14.5,14.5,14.5,4.5,4.5,4.5,"PG-13",0,0,1,1,0,1,0
"Boys of 2nd Street Park, The",2003,91,-1,7.2,38,4.5,0,0,4.5,4.5,14.5,14.5,24.5,14.5,14.5,"R",0,0,0,0,1,0,0
"Boys, The",1998,86,-1,6.3,254,4.5,4.5,4.5,4.5,4.5,4.5,14.5,14.5,24.5,14.5,"R",0,0,0,1,0,0,0
"Brady Bunch Movie, The",1995,90,1.2e+07,5.6,4636,4.5,4.5,4.5,4.5,14.5,24.5,14.5,14.5,4.5,4.5,"PG-13",0,0,1,0,0,0,0
"Brassed Off",1996,107,-1,7.2,4974,4.5,4.5,4.5,4.5,4.5,14.5,24.5,24.5,14.5,14.5,"R",0,0,1,1,0,1,0
"Braveheart",1995,177,5.3e+07,8.3,92437,4.5,4.5,4.5,4.5,4.5,4.5,14.5,14.5,24.5,34.5,"R",1,0,0,1,0,0,0
"Bravo Two Zero",1999,115,6500000,6.5,578,4.5,4.5,4.5,4.5,4.5,14.5,24.5,24.5,14.5,4.5,"R",0,0,0,0,0,0,0
"Bread and Roses",2000,110,-1,7,1172,4.5,4.5,4.5,4.5,4.5,14.5,24.5,24.5,14.5,14.5,"R",0,0,0,1,0,0,0
"Bread, My Sweet, The",2001,105,6e+05,6.8,257,4.5,4.5,4.5,4.5,4.5,4.5,14.5,14.5,14.5,24.5,"PG-13",0,0,0,1,0,1,0
"Break Up",1998,100,9e+06,5.1,393,4.5,4.5,4.5,14.5,24.5,24.5,14.5,4.5,4.5,4.5,"R",0,0,0,1,0,0,0
"Break, The",1995,104,-1,4.9,81,4.5,4.5,4.5,4.5,14.5,14.5,14.5,4.5,4.5,4.5,"PG-13",0,0,0,1,0,0,0
"Breakaway",1996,95,-1,4,38,24.5,14.5,4.5,14.5,4.5,4.5,4.5,4.5,4.5,14.5,"R",1,0,0,0,0,0,0
"Breakdown",1997,95,3.6e+07,6.7,7099,4.5,4.5,4.5,4.5,4.5,14.5,24.5,24.5,4.5,4.5,"R",1,0,0,0,0,0,0
"Breakfast of Champions",1999,110,1.2e+07,4.2,2250,14.5,4.5,14.5,4.5,14.5,14.5,4.5,4.5,4.5,4.5,"R",0,0,1,0,0,0,0
"Breakin' All the Rules",2004,85,-1,5,575,4.5,4.5,4.5,14.5,14.5,14.5,14.5,4.5,4.5,14.5,"PG-13",0,0,1,0,0,1,0
"Breaking Free",1995,106,-1,6.3,79,0,0,4.5,4.5,4.5,4.5,24.5,24.5,4.5,24.5,"PG",0,0,0,1,0,0,0
"Breaking Up",1997,90,-1,4.5,648,4.5,4.5,14.5,14.5,14.5,14.5,14.5,4.5,4.5,4.5,"R",0,0,1,0,0,1,0
"Breaking the Silence",1998,90,-1,2.9,41,45.5,4.5,14.5,4.5,4.5,4.5,4.5,0,0,4.5,"R",0,0,0,0,0,0,0
"Breaking the Waves",1996,158,-1,7.7,10494,4.5,4.5,4.5,4.5,4.5,4.5,14.5,14.5,24.5,34.5,"R",0,0,0,1,0,1,0
"Breast Men",1997,96,-1,5.6,1171,4.5,4.5,4.5,14.5,14.5,24.5,14.5,4.5,4.5,4.5,"R",0,0,1,1,0,0,0
"Breathing Room",1996,90,5e+05,4,39,14.5,14.5,4.5,14.5,4.5,14.5,14.5,14.5,4.5,4.5,"R",0,0,1,0,0,1,0
"Breed, The",2001,91,4e+06,4.7,582,4.5,4.5,4.5,14.5,14.5,14.5,14.5,4.5,4.5,4.5,"R",1,0,0,0,0,0,0
"Briar Patch",2003,103,-1,2.5,265,44.5,4.5,4.5,4.5,4.5,4.5,4.5,4.5,4.5,14.5,"R",0,0,0,1,0,1,0
"Bride & Prejudice",2004,122,7e+06,6.3,1503,4.5,4.5,4.5,4.5,4.5,14.5,14.5,14.5,4.5,24.5,"PG-13",0,0,1,0,0,1,0
"Bride of Chucky",1998,89,2.5e+07,5.2,4449,4.5,4.5,4.5,4.5,14.5,14.5,14.5,14.5,4.5,4.5,"R",0,0,1,0,0,0,0
"Bride of the Wind",2001,99,1.2e+07,5.2,201,4.5,4.5,4.5,14.5,14.5,14.5,24.5,14.5,4.5,4.5,"R",0,0,0,1,0,0,0
"Bridge of Dragons",1999,95,4e+06,3.7,373,14.5,14.5,14.5,14.5,14.5,14.5,4.5,4.5,4.5,14.5,"R",1,0,0,0,0,1,0
"Bridges of Madison County, The",1995,135,2.2e+07,6.9,7633,4.5,4.5,4.5,4.5,4.5,14.5,14.5,24.5,14.5,14.5,"PG-13",0,0,0,1,0,1,0
"Bridget Jones's Diary",2001,97,2.6e+07,7,24791,4.5,4.5,4.5,4.5,4.5,14.5,24.5,24.5,14.5,14.5,"R",0,0,1,0,0,1,0
"Bridget Jones: The Edge of Reason",2004,108,7e+07,5.7,6636,4.5,4.5,4.5,4.5,14.5,24.5,14.5,14.5,4.5,14.5,"R",0,0,1,1,0,1,0
"Brigham City",2001,119,1e+06,7.1,405,4.5,4.5,4.5,4.5,4.5,4.5,14.5,24.5,14.5,24.5,"PG-13",0,0,0,1,0,0,0
"Bright Young Things",2003,105,-1,6.8,621,4.5,4.5,4.5,4.5,4.5,14.5,24.5,24.5,4.5,14.5,"R",0,0,1,1,0,0,0
"Bring It On",2000,98,1e+07,6.1,11784,4.5,4.5,4.5,4.5,14.5,14.5,24.5,14.5,4.5,4.5,"PG-13",0,0,1,0,0,0,0
"Bring Me the Head of Mavis Davis",1997,100,-1,4.9,161,4.5,4.5,4.5,14.5,4.5,14.5,14.5,14.5,4.5,14.5,"R",0,0,1,0,0,0,0
"Bringing Down the House",2003,105,3.5e+07,5.6,6501,4.5,4.5,4.5,4.5,14.5,24.5,14.5,14.5,4.5,4.5,"PG-13",0,0,1,0,0,0,0
"Bringing Out the Dead",1999,121,3.2e+07,6.7,13989,4.5,4.5,4.5,4.5,4.5,14.5,24.5,14.5,14.5,4.5,"R",0,0,0,1,0,0,0
"Broadcast Bombshells",1995,84,-1,3,52,24.5,4.5,4.5,4.5,14.5,4.5,4.5,4.5,4.5,24.5,"R",0,0,1,0,0,0,0
"Brokedown Palace",1999,100,-1,6.1,4321,4.5,4.5,4.5,4.5,14.5,24.5,24.5,14.5,4.5,4.5,"PG-13",0,0,0,1,0,0,0
"Broken Arrow",1996,108,6.5e+07,5.7,14415,4.5,4.5,4.5,4.5,14.5,24.5,24.5,14.5,4.5,4.5,"R",1,0,0,0,0,0,0
"Broken English",1996,92,-1,6.5,299,4.5,4.5,4.5,4.5,4.5,14.5,24.5,24.5,4.5,4.5,"R",0,0,0,1,0,0,0
"Broken Vessels",1998,90,6e+05,6.1,223,4.5,4.5,4.5,4.5,14.5,14.5,24.5,24.5,4.5,4.5,"R",0,0,0,1,0,0,0
"Brooklyn Babylon",2001,89,-1,5.6,75,4.5,0,4.5,4.5,14.5,14.5,14.5,4.5,14.5,14.5,"R",0,0,0,1,0,0,0
"Brooklyn Bound",2004,90,70000,4.2,30,4.5,4.5,4.5,4.5,4.5,0,0,4.5,14.5,64.5,"R",0,0,0,1,0,0,0
"Brooklyn Sonnet",2000,95,-1,5.9,25,4.5,0,0,14.5,14.5,24.5,24.5,0,0,24.5,"R",1,0,0,1,0,0,0
"Brother",2000,114,1.2e+07,7.1,4322,4.5,4.5,4.5,4.5,4.5,14.5,24.5,24.5,14.5,14.5,"R",0,0,0,0,0,0,0
"Brother John",1971,95,-1,6.4,66,0,4.5,4.5,4.5,4.5,14.5,14.5,14.5,14.5,24.5,"PG-13",0,0,0,1,0,0,0
"Brother from Another Planet, The",1984,106,3e+05,6.7,1133,4.5,4.5,4.5,4.5,4.5,14.5,24.5,24.5,14.5,14.5,"R",0,0,1,1,0,0,0
"Brother's Kiss, A",1997,92,-1,6.3,102,4.5,4.5,4.5,4.5,4.5,14.5,14.5,4.5,14.5,14.5,"R",0,0,0,1,0,0,0
"Brotherhood, The",1968,96,-1,5.6,106,4.5,4.5,4.5,14.5,24.5,24.5,14.5,4.5,4.5,4.5,"PG-13",0,0,0,1,0,0,0
"Brothers McMullen, The",1995,98,23800,6.4,2325,4.5,4.5,4.5,4.5,4.5,14.5,24.5,24.5,14.5,4.5,"R",0,0,1,1,0,0,0
"Brown Sugar",2002,109,8e+06,5.9,941,4.5,4.5,4.5,4.5,14.5,14.5,24.5,14.5,4.5,14.5,"PG-13",0,0,1,1,0,1,0
"Brown's Requiem",1998,104,-1,5.7,303,4.5,4.5,4.5,4.5,14.5,14.5,14.5,4.5,4.5,4.5,"R",0,0,0,1,0,0,0
"Bruce Almighty",2003,101,8.1e+07,6.4,23905,4.5,4.5,4.5,4.5,14.5,24.5,24.5,14.5,4.5,4.5,"PG-13",0,0,1,0,0,1,0
"Bruno",2000,108,1e+07,6,295,4.5,4.5,4.5,4.5,4.5,14.5,14.5,14.5,4.5,24.5,"PG-13",0,0,1,1,0,0,0
"Brylcreem Boys, The",1998,106,6e+06,6,199,4.5,4.5,4.5,4.5,4.5,14.5,14.5,24.5,4.5,14.5,"PG-13",0,0,0,1,0,1,0
"Bubba Ho-tep",2002,92,1e+06,7.5,7142,4.5,4.5,4.5,4.5,4.5,4.5,14.5,24.5,14.5,24.5,"R",0,0,1,0,0,0,0
"Bubble Boy",2001,84,1.3e+07,5.1,2904,4.5,4.5,4.5,4.5,14.5,14.5,14.5,14.5,4.5,14.5,"PG-13",0,0,1,1,0,1,0
"Buck Naked Arson",2001,85,-1,6.5,38,4.5,4.5,4.5,4.5,4.5,4.5,4.5,24.5,4.5,34.5,"R",0,0,1,1,0,0,0
"Buck and the Magic Bracelet",1999,99,-1,2,8,45.5,14.5,14.5,14.5,0,0,0,0,0,14.5,"PG-13",1,0,0,0,0,0,0
"Buddy",1997,84,-1,4.6,458,14.5,4.5,14.5,14.5,14.5,14.5,14.5,4.5,4.5,4.5,"PG",0,0,0,1,0,0,0
"Buddy Boy",1999,105,-1,5.6,106,4.5,4.5,4.5,4.5,4.5,4.5,24.5,14.5,4.5,24.5,"R",0,0,0,1,0,0,0
"Buffalo '66",1998,110,1500000,7.2,6652,4.5,4.5,4.5,4.5,4.5,4.5,14.5,24.5,14.5,24.5,"R",0,0,1,1,0,0,0
"Buffalo Soldiers",2001,98,1.5e+07,7,3753,4.5,4.5,4.5,4.5,4.5,14.5,24.5,24.5,4.5,4.5,"R",0,0,1,1,0,0,0
"Bug Buster",1998,93,8500000,2.9,268,34.5,14.5,14.5,4.5,4.5,4.5,4.5,4.5,4.5,4.5,"PG-13",1,0,1,0,0,0,0
"Bug Off!",2001,84,-1,3.2,37,14.5,4.5,14.5,14.5,4.5,4.5,4.5,14.5,4.5,14.5,"PG",0,0,1,0,0,0,0
"Bulletproof",1996,84,-1,5.4,3613,4.5,4.5,4.5,4.5,14.5,24.5,14.5,4.5,4.5,4.5,"R",1,0,1,0,0,0,0
"Bulletproof Monk",2003,104,5.2e+07,5.2,5405,4.5,4.5,4.5,14.5,14.5,24.5,14.5,4.5,4.5,4.5,"PG-13",1,0,1,0,0,0,0
"Bullfighter",2000,90,-1,2.7,58,34.5,14.5,14.5,4.5,4.5,4.5,0,4.5,4.5,4.5,"R",0,0,0,0,0,0,0
"Bully",2001,113,-1,7,4913,4.5,4.5,4.5,4.5,4.5,14.5,24.5,24.5,14.5,14.5,"R",0,0,0,1,0,0,0
"Bumblebee Flies Anyway, The",1999,96,-1,6.1,604,4.5,4.5,4.5,4.5,4.5,14.5,24.5,14.5,14.5,14.5,"PG-13",0,0,0,1,0,1,0
"Bunker, The",2001,92,-1,5.4,927,4.5,4.5,4.5,14.5,14.5,14.5,14.5,14.5,4.5,4.5,"R",0,0,0,0,0,0,0
"Bure baruta",1998,102,-1,7.5,620,4.5,4.5,4.5,4.5,4.5,4.5,14.5,24.5,14.5,24.5,"R",0,0,0,1,0,0,0
"Burial Society, The",2002,94,1500000,6.5,52,4.5,4.5,4.5,0,4.5,24.5,24.5,4.5,4.5,14.5,"R",0,0,0,0,0,0,0
"Bush's Brain",2004,80,-1,6.8,264,4.5,4.5,4.5,4.5,4.5,14.5,14.5,14.5,14.5,24.5,"PG-13",0,0,0,0,1,0,0
"Business Affair, A",1994,98,-1,5.2,131,4.5,4.5,4.5,14.5,14.5,14.5,14.5,14.5,4.5,4.5,"R",0,0,1,0,0,0,0
"Business of Strangers, The",2001,84,-1,6.4,1458,4.5,4.5,4.5,4.5,14.5,14.5,24.5,14.5,4.5,4.5,"R",0,0,0,1,0,0,0
"Busted",1996,93,-1,3,196,45.5,4.5,4.5,4.5,4.5,4.5,4.5,4.5,4.5,14.5,"R",0,0,1,0,0,0,0
"But I'm a Cheerleader",1999,85,1200000,6.2,3897,4.5,4.5,4.5,4.5,4.5,14.5,14.5,14.5,4.5,14.5,"R",0,0,1,1,0,1,0
"Butter",1998,101,-1,2.9,83,24.5,4.5,4.5,4.5,14.5,14.5,4.5,4.5,4.5,14.5,"R",1,0,0,0,0,0,0
"Butterfly Effect, The",2004,120,1.3e+07,7.6,22975,4.5,4.5,4.5,4.5,4.5,4.5,14.5,24.5,14.5,24.5,"R",0,0,0,1,0,0,0
"Buying the Cow",2002,88,-1,5.6,936,4.5,4.5,4.5,4.5,14.5,24.5,24.5,14.5,4.5,4.5,"R",0,0,1,0,0,0,0
"Bye Bye, Love",1995,106,-1,5.8,1420,4.5,4.5,4.5,4.5,14.5,14.5,24.5,14.5,4.5,4.5,"PG-13",0,0,1,0,0,0,0
"C'era una volta il West",1968,158,5e+06,8.7,17241,4.5,4.5,4.5,4.5,4.5,4.5,4.5,14.5,24.5,44.5,"PG-13",0,0,0,1,0,0,0
