"Title","Year","Length","Budget","Rating","Votes","r1","r2","r3","r4","r5","r6","r7","r8","r9","r10","mpaa","Action","Animation","Comedy","Drama","Documentary","Romance","Short"
"C'era una volta il West",1968,158,5e+06,8.7,17241,4.5,4.5,4.5,4.5,4.5,4.5,4.5,14.5,24.5,44.5,"PG-13",0,0,0,1,0,0,0
"CQ",2001,91,7e+06,6.4,1315,4.5,4.5,4.5,4.5,4.5,14.5,24.5,14.5,14.5,4.5,"R",0,0,1,1,0,0,0
"Cabin Fever",2002,93,1500000,5.1,7776,14.5,4.5,4.5,4.5,14.5,14.5,14.5,4.5,4.5,4.5,"R",0,0,0,0,0,0,0
"Cable Guy, The",1996,96,4.7e+07,5.5,16266,4.5,4.5,4.5,4.5,14.5,14.5,14.5,14.5,4.5,4.5,"PG-13",0,0,1,1,0,0,0
"Cachorro",2004,100,-1,7.4,210,4.5,4.5,4.5,4.5,4.5,4.5,14.5,24.5,24.5,24.5,"R",0,0,1,1,0,0,0
"Cadillac Ranch",1996,100,-1,5.3,89,4.5,4.5,4.5,14.5,14.5,14.5,14.5,14.5,4.5,14.5,"R",0,0,0,0,0,0,0
"Caduta degli dei, La",1969,150,-1,7.3,708,4.5,4.5,4.5,4.5,4.5,4.5,14.5,24.5,24.5,24.5,"R",0,0,0,1,0,0,0
"Cafe Society",1995,104,3500000,5.7,137,4.5,4.5,4.5,4.5,14.5,14.5,14.5,14.5,14.5,4.5,"R",0,0,0,1,0,0,0
"Caged Hearts",1995,94,-1,3.7,47,14.5,24.5,24.5,4.5,4.5,4.5,4.5,4.5,4.5,4.5,"R",0,0,0,1,0,0,0
"Calcium Kid, The",2004,89,-1,5.4,423,4.5,4.5,4.5,4.5,14.5,14.5,14.5,14.5,4.5,14.5,"R",0,0,1,0,0,0,0
"Calendar Girls",2003,108,-1,7.1,3618,4.5,4.5,4.5,4.5,4.5,14.5,24.5,24.5,14.5,4.5,"PG-13",0,0,1,1,0,0,0
"Caligula",1996,51,-1,1.5,15,44.5,14.5,4.5,0,4.5,14.5,0,0,0,14.5,"R",0,0,0,1,0,0,0
"Calling Bobcat",2000,91,230000,5,42,14.5,4.5,4.5,4.5,0,4.5,4.5,4.5,14.5,34.5,"R",0,0,0,0,0,0,0
"Camp",2003,114,-1,6.6,1332,4.5,4.5,4.5,4.5,4.5,4.5,14.5,14.5,14.5,24.5,"PG-13",0,0,1,1,0,0,0
"Campfire Tales",1997,88,-1,5.6,561,4.5,4.5,4.5,4.5,14.5,14.5,14.5,14.5,4.5,14.5,"R",0,0,0,0,0,0,0
"Can't Be Heaven",2000,94,2e+06,5.7,104,4.5,4.5,4.5,4.5,4.5,4.5,14.5,14.5,4.5,34.5,"PG",0,0,1,1,0,1,0
"Can't Hardly Wait",1998,101,1e+07,6.2,8191,4.5,4.5,4.5,4.5,14.5,14.5,24.5,14.5,4.5,14.5,"PG-13",0,0,1,0,0,1,0
"Candyman: Farewell to the Flesh",1995,93,-1,4.5,1176,4.5,4.5,4.5,14.5,24.5,14.5,14.5,4.5,4.5,4.5,"R",0,0,0,0,0,0,0
"Cannes Man",1996,88,-1,5.4,130,4.5,4.5,4.5,4.5,14.5,14.5,14.5,14.5,4.5,14.5,"R",0,0,1,1,0,0,0
"Cape Fear",1991,128,3.5e+07,7.1,15585,4.5,4.5,4.5,4.5,4.5,14.5,24.5,24.5,14.5,4.5,"R",0,0,0,1,0,0,0
"Captain Corelli's Mandolin",2001,131,5.7e+07,5.9,5281,4.5,4.5,4.5,4.5,14.5,24.5,24.5,14.5,4.5,4.5,"R",0,0,0,1,0,1,0
"Captain Nuke and the Bomber Boys",1995,90,-1,4.5,80,4.5,4.5,4.5,14.5,14.5,4.5,14.5,4.5,4.5,24.5,"PG",0,0,1,0,0,0,0
"Captiva Island",1995,85,-1,4.5,35,14.5,4.5,4.5,4.5,14.5,14.5,4.5,4.5,4.5,24.5,"PG",0,0,1,1,0,1,0
"Captives",1994,100,-1,6.1,541,4.5,4.5,4.5,4.5,4.5,14.5,24.5,14.5,14.5,14.5,"R",0,0,0,1,0,1,0
"Captured",2000,95,-1,2.7,201,24.5,24.5,14.5,4.5,4.5,4.5,4.5,4.5,4.5,4.5,"R",1,0,0,0,0,0,0
"Captured Alive",1995,83,-1,1.5,12,45.5,4.5,0,4.5,4.5,0,4.5,0,0,14.5,"R",0,0,0,0,0,0,0
"Carandiru",2003,147,6e+06,7.7,1608,4.5,4.5,4.5,4.5,4.5,4.5,14.5,24.5,14.5,14.5,"R",0,0,0,1,0,0,0
"Career Girls",1997,87,-1,7,1156,4.5,4.5,4.5,4.5,4.5,14.5,24.5,24.5,14.5,14.5,"R",0,0,0,1,0,0,0
"Carman: The Champion",2001,82,-1,4.6,412,4.5,4.5,4.5,4.5,4.5,4.5,4.5,4.5,4.5,45.5,"PG-13",1,0,0,1,0,0,0
"Carnal Desires",1999,87,-1,2.8,42,14.5,4.5,14.5,14.5,4.5,4.5,4.5,4.5,4.5,4.5,"R",0,0,0,1,0,0,0
"Carnival of Souls",1998,90,2e+06,2.8,462,34.5,14.5,4.5,14.5,4.5,4.5,4.5,4.5,4.5,4.5,"R",0,0,0,0,0,0,0
"Carpool",1996,89,1.7e+07,4.5,829,4.5,4.5,14.5,14.5,14.5,14.5,4.5,4.5,4.5,4.5,"PG",0,0,1,0,0,0,0
"Carried Away",1996,109,-1,6.4,393,4.5,4.5,4.5,4.5,14.5,14.5,24.5,24.5,14.5,14.5,"R",0,0,0,1,0,1,0
"Carrington",1995,121,-1,6.5,1401,4.5,4.5,4.5,4.5,4.5,14.5,24.5,24.5,14.5,14.5,"R",0,0,0,1,0,1,0
"Casa de los babys",2003,95,-1,6.7,572,4.5,4.5,4.5,4.5,4.5,14.5,24.5,14.5,4.5,4.5,"R",0,0,0,1,0,0,0
"Casino",1995,176,5.2e+07,7.8,27234,4.5,4.5,4.5,4.5,4.5,4.5,14.5,24.5,24.5,14.5,"R",0,0,0,1,0,0,0
"Casper",1995,100,5.5e+07,5.6,8798,4.5,4.5,4.5,4.5,14.5,24.5,14.5,14.5,4.5,4.5,"PG",0,0,1,0,0,0,0
"Cast Away",2000,143,9e+07,7.3,34580,4.5,4.5,4.5,4.5,4.5,14.5,24.5,24.5,14.5,4.5,"PG-13",0,0,0,1,0,0,0
"Castle Freak",1995,95,-1,4.9,573,4.5,4.5,4.5,14.5,14.5,14.5,14.5,14.5,4.5,4.5,"R",0,0,0,0,0,0,0
"Casualties",1997,85,-1,5.4,221,4.5,4.5,4.5,14.5,24.5,34.5,14.5,4.5,4.5,4.5,"R",0,0,0,1,0,0,0
"Cat in the Hat, The",2003,82,1.09e+08,3.2,4997,44.5,14.5,4.5,4.5,4.5,4.5,4.5,4.5,4.5,4.5,"PG",0,0,1,0,0,0,0
"Cat's Meow, The",2001,114,-1,6.5,2195,4.5,4.5,4.5,4.5,4.5,24.5,24.5,14.5,4.5,4.5,"PG-13",0,0,0,1,0,0,0
"Catch Me If You Can",2002,141,5.2e+07,7.6,39915,4.5,4.5,4.5,4.5,4.5,4.5,24.5,34.5,14.5,4.5,"PG-13",0,0,0,1,0,0,0
"Catch That Kid",2004,91,1.8e+07,4.5,598,14.5,4.5,4.5,14.5,14.5,14.5,4.5,4.5,4.5,14.5,"PG",1,0,1,0,0,0,0
"Catfish in Black Bean Sauce",1999,119,-1,6.7,181,4.5,4.5,4.5,4.5,14.5,14.5,14.5,24.5,4.5,14.5,"PG-13",0,0,1,1,0,0,0
"Catherine's Grove",1997,91,-1,3.1,38,14.5,14.5,4.5,24.5,14.5,14.5,14.5,0,0,4.5,"R",0,0,0,1,0,0,0
"Cats & Dogs",2001,87,6e+07,5.4,6487,4.5,4.5,4.5,4.5,14.5,24.5,14.5,4.5,4.5,4.5,"PG",0,0,1,0,0,0,0
"Catwoman",2004,104,8.5e+07,3.4,8815,34.5,4.5,4.5,4.5,4.5,4.5,4.5,4.5,4.5,14.5,"PG-13",1,0,0,0,0,0,0
"Caught",1996,110,-1,6.5,317,4.5,4.5,4.5,4.5,4.5,4.5,24.5,24.5,14.5,14.5,"R",0,0,0,1,0,0,0
"Caught Up",1998,97,-1,4.8,188,14.5,4.5,4.5,14.5,14.5,14.5,14.5,4.5,4.5,4.5,"R",0,0,0,1,0,0,0
"Cause of Death",2000,95,-1,4.4,85,4.5,4.5,14.5,14.5,14.5,14.5,4.5,4.5,4.5,4.5,"R",0,0,0,1,0,0,0
"Cavedweller",2004,101,-1,4.8,110,4.5,14.5,4.5,14.5,14.5,14.5,14.5,14.5,4.5,14.5,"R",0,0,0,1,0,0,0
"Caveman's Valentine, The",2001,105,-1,6,1505,4.5,4.5,4.5,4.5,14.5,24.5,24.5,14.5,4.5,4.5,"R",0,0,0,1,0,0,0
"Cecil B. DeMented",2000,87,1e+07,6,3464,4.5,4.5,4.5,4.5,4.5,14.5,14.5,14.5,4.5,14.5,"R",0,0,1,0,0,0,0
"Celebrity",1998,113,1.2e+07,6.1,4820,4.5,4.5,4.5,4.5,14.5,14.5,24.5,14.5,4.5,4.5,"R",0,0,1,0,0,0,0
"Cell, The",2000,109,3.3e+07,6.1,16118,4.5,4.5,4.5,4.5,14.5,14.5,24.5,14.5,4.5,4.5,"R",0,0,0,0,0,0,0
"Cellblock Sisters: Banished Behind Bars",1995,95,-1,3,102,14.5,4.5,4.5,4.5,4.5,4.5,4.5,4.5,4.5,34.5,"R",0,0,0,1,0,0,0
"Cellular",2004,94,2.5e+07,6.4,6182,4.5,4.5,4.5,4.5,4.5,14.5,24.5,14.5,4.5,4.5,"PG-13",1,0,0,0,0,0,0
"Celsius 41.11: The Temperature at Which the Brain... Begins to Die",2004,72,-1,3.8,584,44.5,4.5,4.5,4.5,4.5,4.5,4.5,4.5,4.5,44.5,"R",0,0,0,0,1,0,0
"Cement",1999,97,-1,5.3,99,4.5,4.5,4.5,4.5,14.5,24.5,4.5,14.5,4.5,14.5,"R",0,0,0,1,0,0,0
"Centerfold",1996,86,-1,4.2,35,4.5,4.5,4.5,14.5,14.5,24.5,14.5,14.5,4.5,4.5,"R",0,0,0,1,0,0,0
"Century",1993,112,-1,5.6,68,4.5,4.5,4.5,4.5,14.5,24.5,14.5,14.5,4.5,14.5,"R",0,0,0,1,0,0,0
"Century Hotel",2001,95,-1,6.7,166,4.5,4.5,4.5,4.5,4.5,14.5,14.5,14.5,4.5,14.5,"R",0,0,0,1,0,1,0
"Cero y van cuatro",2004,92,-1,7.3,26,14.5,0,0,4.5,0,4.5,14.5,34.5,14.5,4.5,"R",0,0,1,0,0,0,0
"Chain Reaction",1996,106,5.5e+07,5.1,5936,4.5,4.5,4.5,14.5,24.5,24.5,14.5,4.5,4.5,4.5,"PG-13",1,0,0,1,0,0,0
"Chain of Command",2000,96,-1,4.6,299,4.5,4.5,14.5,14.5,14.5,14.5,14.5,4.5,4.5,4.5,"R",1,0,0,0,0,0,0
"Chain of Fools",2000,96,2e+07,6.1,845,4.5,4.5,4.5,4.5,14.5,14.5,24.5,14.5,4.5,4.5,"R",0,0,1,0,0,0,0
"Chairman of the Board",1998,95,1e+07,2.6,666,44.5,4.5,4.5,4.5,4.5,4.5,4.5,4.5,4.5,14.5,"PG-13",0,0,1,0,0,0,0
"Chakushin ari",2003,111,-1,6.4,691,4.5,4.5,4.5,4.5,14.5,14.5,24.5,14.5,4.5,4.5,"R",0,0,0,0,0,0,0
"Chamber, The",1996,113,5e+07,5.7,2540,4.5,4.5,4.5,4.5,14.5,24.5,24.5,4.5,4.5,4.5,"R",0,0,0,1,0,0,0
"Chameleon",1995,108,-1,5.7,177,4.5,4.5,4.5,4.5,14.5,14.5,14.5,14.5,4.5,14.5,"R",0,0,0,0,0,0,0
"Champions",1998,99,-1,3.3,86,14.5,24.5,14.5,4.5,4.5,4.5,4.5,4.5,0,14.5,"R",0,0,0,0,0,0,0
"Changing Habits",1997,95,1200000,5.5,134,4.5,4.5,4.5,4.5,14.5,24.5,24.5,14.5,4.5,4.5,"R",0,0,1,1,0,0,0
"Changing Lanes",2002,99,4.5e+07,6.6,12779,4.5,4.5,4.5,4.5,4.5,24.5,34.5,14.5,4.5,4.5,"R",0,0,0,1,0,0,0
"Chao ji ji hua",1993,104,-1,5.8,554,4.5,4.5,4.5,4.5,14.5,24.5,24.5,14.5,4.5,4.5,"R",1,0,1,0,0,0,0
"Chaos Factor, The",2000,95,-1,4.5,109,4.5,14.5,14.5,14.5,14.5,4.5,14.5,4.5,4.5,4.5,"R",1,0,0,1,0,0,0
"Chapter Perfect",1998,100,-1,2.1,13,24.5,4.5,14.5,4.5,14.5,0,0,0,4.5,24.5,"R",0,0,0,1,0,0,0
"Charades",1998,94,-1,4.1,62,14.5,4.5,4.5,4.5,4.5,14.5,14.5,4.5,4.5,34.5,"R",0,0,0,1,0,0,0
"Charlie",2004,94,5e+06,5,141,14.5,4.5,4.5,4.5,4.5,14.5,4.5,4.5,4.5,24.5,"R",0,0,0,1,0,0,0
"Charlie's Angels",2000,94,9.2e+07,5.8,25705,4.5,4.5,4.5,4.5,14.5,14.5,24.5,14.5,4.5,4.5,"PG-13",1,0,1,0,0,0,0
"Charlie's Angels: Full Throttle",2003,107,1.2e+08,5,13990,14.5,4.5,4.5,14.5,14.5,14.5,14.5,4.5,4.5,4.5,"PG-13",1,0,1,0,0,0,0
"Charlotte Gray",2001,121,-1,6.3,1832,4.5,4.5,4.5,4.5,14.5,24.5,24.5,14.5,4.5,4.5,"PG-13",0,0,0,1,0,1,0
"Charlotte Sometimes",2002,85,80000,4.6,555,24.5,4.5,4.5,4.5,4.5,4.5,4.5,14.5,14.5,34.5,"R",0,0,0,1,0,0,0
"Charly",2002,103,950000,5.5,149,4.5,4.5,4.5,0,4.5,4.5,14.5,14.5,14.5,44.5,"PG",0,0,1,1,0,1,0
"Chasing Amy",1997,111,250000,7.6,32141,4.5,4.5,4.5,4.5,4.5,4.5,14.5,24.5,14.5,24.5,"R",0,0,1,1,0,1,0
"Chasing Destiny",2001,91,-1,4.9,72,4.5,0,4.5,14.5,14.5,14.5,14.5,4.5,4.5,24.5,"PG-13",0,0,1,1,0,1,0
"Chasing Holden",2001,101,-1,5,136,14.5,4.5,4.5,4.5,14.5,14.5,14.5,4.5,4.5,4.5,"R",0,0,0,1,0,0,0
"Chasing Liberty",2004,111,2.3e+07,5.7,1911,4.5,4.5,4.5,4.5,14.5,24.5,14.5,14.5,4.5,14.5,"PG-13",0,0,1,0,0,1,0
"Chasing Papi",2003,81,-1,4.2,598,14.5,4.5,14.5,14.5,14.5,14.5,4.5,4.5,4.5,4.5,"PG",0,0,1,0,0,0,0
"Chasing Sleep",2000,104,-1,6.4,496,4.5,4.5,4.5,4.5,4.5,14.5,24.5,14.5,4.5,14.5,"R",0,0,0,0,0,0,0
"Cheaper by the Dozen",2003,98,4e+07,5.8,5977,4.5,4.5,4.5,4.5,14.5,24.5,14.5,14.5,4.5,14.5,"PG",0,0,1,1,0,0,0
"Cheats",2002,90,-1,5.9,783,4.5,4.5,4.5,4.5,14.5,14.5,24.5,14.5,4.5,14.5,"PG-13",0,0,1,0,0,1,0
"Cheerleader Ninjas",2002,96,-1,3.1,151,34.5,14.5,14.5,4.5,4.5,4.5,4.5,4.5,4.5,4.5,"R",1,0,1,0,0,0,0
"Chek law dak gung",2002,90,-1,5.4,651,4.5,4.5,4.5,4.5,14.5,14.5,14.5,14.5,4.5,4.5,"R",1,0,0,0,0,1,0
"Chelsea Walls",2001,109,-1,4.3,600,14.5,4.5,4.5,4.5,4.5,4.5,4.5,4.5,4.5,24.5,"R",0,0,0,1,0,0,0
"Cheng shi lie ren",1993,105,-1,6.2,919,4.5,4.5,4.5,4.5,4.5,14.5,14.5,14.5,4.5,14.5,"PG-13",1,0,1,0,0,1,0
"Cherish",2002,99,1500000,6.5,743,4.5,4.5,4.5,4.5,4.5,14.5,24.5,24.5,14.5,14.5,"R",0,0,1,1,0,0,0
"Cherry",1999,90,-1,5.2,139,4.5,4.5,4.5,4.5,14.5,24.5,14.5,14.5,4.5,4.5,"R",0,0,1,0,0,1,0
"Cherry Falls",2000,92,1.4e+07,4.9,2165,4.5,4.5,14.5,14.5,14.5,14.5,14.5,4.5,4.5,4.5,"R",0,0,1,0,0,0,0
"Chicago",2002,113,4.5e+07,7.5,34933,4.5,4.5,4.5,4.5,4.5,4.5,14.5,24.5,14.5,24.5,"PG-13",0,0,1,1,0,0,0
"Chicago Cab",1998,96,-1,6.4,586,4.5,4.5,4.5,4.5,14.5,14.5,24.5,24.5,14.5,14.5,"R",0,0,1,1,0,0,0
"Chik yeung tin sai",2002,106,-1,6.8,1059,4.5,4.5,4.5,4.5,4.5,14.5,24.5,24.5,14.5,14.5,"R",1,0,1,0,0,1,0
"Chiklo gouyeung",1992,89,-1,6,424,4.5,4.5,4.5,4.5,4.5,14.5,14.5,14.5,4.5,14.5,"R",1,0,0,1,0,0,0
"Children On Their Birthdays",2002,102,1e+07,6,163,24.5,4.5,4.5,4.5,4.5,14.5,14.5,14.5,4.5,14.5,"PG",0,0,0,1,0,0,0
"Children of the Corn III",1995,92,-1,3.3,678,14.5,14.5,14.5,14.5,14.5,4.5,4.5,4.5,4.5,4.5,"R",0,0,0,0,0,0,0
"Children of the Living Dead",2001,90,-1,2.1,385,45.5,14.5,4.5,4.5,4.5,4.5,4.5,4.5,4.5,4.5,"R",0,0,0,0,0,0,0
"Children of the Revolution",1996,101,-1,6.3,786,4.5,4.5,4.5,4.5,4.5,14.5,24.5,14.5,14.5,4.5,"R",0,0,1,1,0,0,0
"Chill Factor",1999,101,3.4e+07,5,2542,4.5,4.5,4.5,14.5,14.5,14.5,14.5,4.5,4.5,4.5,"R",1,0,1,0,0,0,0
"Chillicothe",1999,90,-1,7.1,96,4.5,4.5,4.5,4.5,4.5,4.5,24.5,24.5,14.5,14.5,"R",0,0,1,1,0,1,0
"Chin gei bin",2003,102,-1,5.8,562,4.5,4.5,4.5,4.5,14.5,14.5,14.5,14.5,4.5,4.5,"R",1,0,1,0,0,0,0
"Chinese Box",1997,99,-1,6,917,4.5,4.5,4.5,4.5,14.5,14.5,24.5,14.5,4.5,4.5,"R",0,0,0,1,0,1,0
"Chinese Coffee",2000,99,-1,6.9,61,4.5,4.5,4.5,4.5,4.5,4.5,4.5,4.5,14.5,45.5,"R",0,0,0,1,0,0,0
"Chocolat",2000,121,-1,7.3,20031,4.5,4.5,4.5,4.5,4.5,4.5,24.5,24.5,14.5,14.5,"PG-13",0,0,1,1,0,1,0
"Choke",2000,89,-1,3.2,95,24.5,14.5,14.5,14.5,14.5,14.5,4.5,4.5,0,4.5,"R",0,0,0,0,0,0,0
"Chong qing sen lin",1994,102,-1,7.7,4814,4.5,4.5,4.5,4.5,4.5,4.5,14.5,14.5,24.5,34.5,"PG-13",0,0,0,1,0,1,0
"Chooch",2003,81,-1,4,9,0,0,14.5,34.5,14.5,0,0,14.5,24.5,14.5,"R",0,0,1,0,0,1,0
"Chopin. Pragnienie milosci",2002,134,3500000,4,55,4.5,14.5,4.5,14.5,4.5,14.5,14.5,4.5,0,14.5,"R",0,0,0,1,0,1,0
"Chopper",2001,3,-1,6.4,58,4.5,4.5,0,0,4.5,14.5,4.5,34.5,4.5,24.5,"R",0,0,0,0,0,0,1
"Choristes, Les",2004,96,-1,7.7,2374,4.5,4.5,4.5,4.5,4.5,4.5,14.5,24.5,24.5,24.5,"PG-13",0,0,0,1,0,1,0
"Christina's House",1999,96,-1,4,481,14.5,14.5,14.5,14.5,14.5,4.5,4.5,4.5,4.5,4.5,"R",0,0,0,0,0,0,0
"Christmas Carol, A",1997,72,-1,4.5,86,4.5,4.5,4.5,4.5,14.5,14.5,14.5,14.5,4.5,14.5,"PG",0,1,0,1,0,0,0
"Christmas Carol: The Movie",2001,81,-1,4.9,95,4.5,4.5,4.5,4.5,14.5,14.5,4.5,4.5,4.5,24.5,"PG",0,1,0,0,0,0,0
"Christmas with the Kranks",2004,98,6e+07,4.5,1520,14.5,4.5,14.5,4.5,14.5,14.5,14.5,4.5,4.5,14.5,"PG",0,0,1,0,0,0,0
"Chrome and Hot Leather",1971,91,-1,4.5,48,4.5,14.5,14.5,4.5,14.5,4.5,14.5,0,4.5,24.5,"PG-13",1,0,0,1,0,0,0
"Chronicles of Riddick, The",2004,135,1.1e+08,6.2,11438,4.5,4.5,4.5,4.5,4.5,14.5,24.5,14.5,4.5,14.5,"PG-13",1,0,0,0,0,0,0
"Chrystal",2004,106,-1,3.8,169,4.5,14.5,4.5,4.5,4.5,4.5,4.5,14.5,4.5,34.5,"R",0,0,0,1,0,0,0
"Chuck&Buck",2000,96,250000,6.6,1919,4.5,4.5,4.5,4.5,4.5,14.5,24.5,24.5,14.5,14.5,"R",0,0,1,1,0,0,0
"Chuen jik sat sau",2001,102,-1,6.8,1234,4.5,4.5,4.5,4.5,4.5,14.5,24.5,24.5,14.5,14.5,"R",1,0,0,0,0,0,0
"Chump Change",2004,87,-1,5,139,4.5,4.5,4.5,4.5,4.5,4.5,4.5,14.5,14.5,45.5,"R",0,0,1,0,0,1,0
"Chunhyang",2000,120,-1,7.5,507,4.5,4.5,4.5,4.5,4.5,4.5,14.5,24.5,14.5,14.5,"R",0,0,0,1,0,1,0
"Ciao America",2002,100,5e+06,4.8,27,14.5,4.5,0,4.5,14.5,4.5,0,4.5,14.5,44.5,"R",0,0,1,1,0,1,0
"Cible, La",1997,95,-1,6.9,21,4.5,4.5,4.5,4.5,4.5,14.5,4.5,34.5,4.5,4.5,"R",0,0,1,0,0,0,0
"Cidade de Deus",2002,135,3300000,8.7,25964,4.5,4.5,4.5,4.5,4.5,4.5,4.5,14.5,24.5,44.5,"R",0,0,0,1,0,0,0
"Cider House Rules, The",1999,126,2.4e+07,7.5,18950,4.5,4.5,4.5,4.5,4.5,4.5,24.5,24.5,14.5,14.5,"PG-13",0,0,0,1,0,1,0
"Cilantro y perejil",1995,90,-1,6.5,106,4.5,4.5,4.5,4.5,4.5,14.5,14.5,24.5,14.5,14.5,"PG-13",0,0,1,0,0,1,0
"Cinderella Story, A",2004,95,2e+07,4.9,2755,14.5,4.5,4.5,4.5,4.5,14.5,4.5,4.5,4.5,24.5,"PG",0,0,1,0,0,1,0
"Circle of Friends",1995,103,-1,6.6,2499,4.5,4.5,4.5,4.5,4.5,14.5,24.5,24.5,4.5,14.5,"PG-13",0,0,0,1,0,1,0
"Circuit, The",2002,91,-1,2.8,71,14.5,14.5,14.5,14.5,4.5,4.5,4.5,4.5,4.5,14.5,"R",1,0,0,0,0,0,0
"Circus",2000,95,-1,5.6,728,4.5,4.5,4.5,4.5,14.5,14.5,14.5,14.5,4.5,4.5,"R",0,0,0,1,0,0,0
"Citizen Toxie: The Toxic Avenger IV",2000,99,-1,6.5,531,4.5,4.5,4.5,4.5,4.5,4.5,4.5,14.5,4.5,34.5,"R",1,0,1,0,0,0,0
"Citizen Verdict",2003,97,1e+07,4.8,58,14.5,0,4.5,24.5,14.5,4.5,4.5,4.5,14.5,14.5,"R",0,0,0,0,0,0,0
"City Hall",1996,111,4e+07,6.1,4381,4.5,4.5,4.5,4.5,14.5,24.5,24.5,14.5,4.5,4.5,"R",0,0,0,1,0,0,0
"City by the Sea",2002,108,6e+07,6.3,4886,4.5,4.5,4.5,4.5,14.5,24.5,24.5,14.5,4.5,4.5,"R",0,0,0,1,0,0,0
"City of Angels",1998,114,5.5e+07,6.2,15333,4.5,4.5,4.5,4.5,14.5,14.5,24.5,14.5,4.5,14.5,"PG-13",0,0,0,1,0,1,0
"City of Ghosts",2002,116,17500000,5.6,877,4.5,4.5,4.5,4.5,14.5,24.5,14.5,14.5,4.5,4.5,"R",0,0,0,0,0,0,0
"City of the Dead, The",1960,76,-1,6.5,419,4.5,4.5,4.5,4.5,4.5,14.5,24.5,14.5,14.5,14.5,"PG-13",0,0,0,0,0,0,0
"Civil Action, A",1998,112,6e+07,6.4,6847,4.5,4.5,4.5,4.5,14.5,24.5,34.5,14.5,4.5,4.5,"PG-13",0,0,0,1,0,0,0
"Civil Brand",2002,95,5e+05,4.1,102,4.5,4.5,14.5,14.5,14.5,4.5,4.5,4.5,4.5,24.5,"R",0,0,0,1,0,0,0
"Claim, The",2000,115,-1,6.5,1710,4.5,4.5,4.5,4.5,14.5,14.5,24.5,14.5,4.5,4.5,"R",0,0,0,0,0,1,0
"Class of Nuke 'Em High 3: The Good, the Bad and the Subhumanoid",1994,102,-1,3.7,88,24.5,4.5,14.5,14.5,4.5,4.5,4.5,4.5,4.5,14.5,"R",0,0,1,0,0,0,0
"Claudine's Return",1998,91,2e+06,3.8,80,24.5,14.5,4.5,4.5,14.5,4.5,14.5,4.5,4.5,14.5,"R",0,0,0,1,0,1,0
"Claustrophobia",2003,79,114000,4.2,90,14.5,4.5,4.5,4.5,4.5,4.5,4.5,4.5,14.5,24.5,"R",0,0,1,0,0,0,0
"Clay Pigeons",1998,104,8e+06,6.4,2658,4.5,4.5,4.5,4.5,4.5,14.5,24.5,24.5,4.5,4.5,"R",0,0,1,1,0,0,0
"Clean and Narrow",1999,85,-1,4.1,45,4.5,14.5,4.5,4.5,14.5,24.5,14.5,4.5,0,4.5,"R",0,0,0,1,0,0,0
"Clerks.",1994,92,230000,7.9,39927,4.5,4.5,4.5,4.5,4.5,4.5,14.5,24.5,14.5,34.5,"R",0,0,1,1,0,0,0
"Click: The Body Beautiful",2000,91,-1,2.5,41,24.5,4.5,14.5,4.5,4.5,24.5,4.5,4.5,0,4.5,"R",0,0,1,0,0,0,0
"Climb, The",1998,98,-1,6.7,139,4.5,4.5,4.5,0,4.5,14.5,24.5,24.5,14.5,14.5,"PG-13",0,0,0,1,0,0,0
"Climb, The",2002,98,2500000,5.2,83,4.5,4.5,4.5,4.5,14.5,4.5,4.5,14.5,4.5,24.5,"PG",1,0,0,1,0,0,0
"Clockers",1995,129,2.5e+07,6.8,3099,4.5,4.5,4.5,4.5,4.5,14.5,24.5,24.5,14.5,4.5,"R",0,0,0,1,0,0,0
"Clockstoppers",2002,94,2.6e+07,5.1,2555,4.5,4.5,4.5,14.5,14.5,24.5,14.5,4.5,4.5,4.5,"PG",0,0,0,0,0,0,0
"Clockwatchers",1997,96,-1,6.4,1786,4.5,4.5,4.5,4.5,4.5,14.5,24.5,24.5,4.5,4.5,"PG-13",0,0,1,1,0,0,0
"Close Enough to Touch",2002,87,-1,3.7,39,14.5,14.5,14.5,14.5,4.5,4.5,4.5,14.5,14.5,4.5,"R",0,0,0,1,0,0,0
"Close Up",1996,84,-1,6.7,10,34.5,14.5,0,0,14.5,0,24.5,14.5,0,24.5,"R",0,0,0,0,0,0,0
"Closer You Get, The",2000,90,-1,6.2,441,4.5,4.5,4.5,4.5,14.5,24.5,34.5,14.5,4.5,4.5,"PG-13",0,0,1,0,0,0,0
"Clown at Midnight, The",1998,91,-1,4.2,235,14.5,14.5,14.5,14.5,14.5,14.5,4.5,4.5,4.5,14.5,"R",0,0,0,0,0,0,0
"Club Dread",2004,119,9e+06,5.2,3432,4.5,4.5,4.5,14.5,14.5,14.5,14.5,14.5,4.5,14.5,"R",0,0,1,0,0,0,0
"Club V.R.",1996,93,-1,3.5,25,14.5,4.5,14.5,4.5,14.5,24.5,0,4.5,0,14.5,"R",0,0,0,0,0,0,0
"Club Vampire",1998,76,-1,1.8,84,45.5,14.5,4.5,4.5,4.5,4.5,4.5,4.5,0,4.5,"R",0,0,0,0,0,0,0
"Club Wild Side",1998,101,-1,4.9,44,4.5,4.5,4.5,4.5,14.5,4.5,4.5,4.5,14.5,14.5,"R",0,0,0,1,0,1,0
"Clubhouse Detectives",1996,85,-1,4.7,51,4.5,4.5,4.5,4.5,4.5,4.5,4.5,14.5,4.5,24.5,"PG",0,0,0,0,0,0,0
"Clubland",1999,94,4e+06,4,58,24.5,4.5,4.5,4.5,14.5,24.5,4.5,4.5,4.5,14.5,"R",0,0,0,0,0,0,0
"Clueless",1995,97,2e+07,6.7,16521,4.5,4.5,4.5,4.5,4.5,14.5,24.5,14.5,4.5,14.5,"PG-13",0,0,1,0,0,1,0
"Coach Carter",2005,136,3e+07,6.6,1636,4.5,4.5,4.5,4.5,4.5,14.5,14.5,24.5,14.5,24.5,"PG-13",0,0,0,1,0,0,0
"Coastlines",2002,119,-1,5.7,29,4.5,4.5,4.5,0,14.5,14.5,14.5,14.5,4.5,24.5,"R",0,0,0,1,0,0,0
"Cockettes, The",2002,100,3e+05,6.6,177,4.5,0,4.5,4.5,4.5,14.5,14.5,24.5,14.5,24.5,"R",0,0,0,0,1,0,0
"Cockfight",2001,45,-1,7.9,12,14.5,0,0,0,0,4.5,0,0,24.5,45.5,"R",0,0,0,0,1,0,0
"Code 46",2003,92,7500000,6.4,2094,4.5,4.5,4.5,4.5,14.5,14.5,24.5,14.5,4.5,4.5,"R",0,0,0,1,0,1,0
"Code Conspiracy, The",2001,97,-1,6.1,123,4.5,4.5,4.5,4.5,4.5,4.5,4.5,4.5,4.5,45.5,"PG-13",1,0,0,0,0,0,0
"Codename: Silencer",1995,93,-1,4.3,67,14.5,4.5,14.5,14.5,4.5,14.5,4.5,4.5,0,24.5,"R",1,0,0,0,0,0,0
"Coffee and Cigarettes",2003,95,-1,6.8,3729,4.5,4.5,4.5,4.5,4.5,14.5,24.5,24.5,14.5,4.5,"R",0,0,1,1,0,0,0
"Cold Around the Heart",1997,96,-1,3.8,407,34.5,14.5,4.5,4.5,14.5,14.5,4.5,4.5,4.5,4.5,"R",0,0,0,1,0,0,0
"Cold Creek Manor",2003,118,-1,4.8,3498,14.5,4.5,14.5,14.5,24.5,14.5,4.5,4.5,4.5,4.5,"R",0,0,0,1,0,0,0
"Cold Harvest",1998,89,-1,4.8,90,14.5,4.5,14.5,4.5,14.5,4.5,14.5,4.5,4.5,24.5,"R",0,0,0,0,0,0,0
"Cold Heart",2001,95,3e+06,4.1,140,4.5,4.5,14.5,14.5,14.5,14.5,4.5,4.5,4.5,4.5,"R",0,0,0,0,0,0,0
"Cold Hearts",1999,90,9e+05,3.9,131,14.5,4.5,4.5,14.5,4.5,4.5,14.5,4.5,4.5,24.5,"R",0,0,0,0,0,0,0
"Cold Mountain",2003,152,8.3e+07,7.4,15712,4.5,4.5,4.5,4.5,4.5,14.5,24.5,24.5,14.5,14.5,"R",0,0,0,1,0,1,0
"Coldblooded",1995,92,-1,6.6,872,4.5,4.5,4.5,4.5,4.5,4.5,24.5,24.5,14.5,14.5,"R",1,0,1,0,0,0,0
"Collateral",2004,120,6.5e+07,7.7,24499,4.5,4.5,4.5,4.5,4.5,4.5,24.5,34.5,14.5,14.5,"R",0,0,0,1,0,0,0
"Collateral Damage",2002,108,8.5e+07,5.2,8590,4.5,4.5,4.5,14.5,24.5,24.5,14.5,4.5,4.5,4.5,"R",1,0,0,0,0,0,0
"Collectors, The",1999,90,-1,3.8,125,14.5,14.5,14.5,14.5,14.5,14.5,4.5,4.5,4.5,4.5,"R",1,0,0,0,0,0,0
"Colorz of Rage",1999,90,-1,2.6,21,34.5,4.5,4.5,4.5,4.5,4.5,0,0,0,34.5,"R",0,0,0,1,0,0,0
"Comedian Harmonists",1997,126,-1,7.3,939,4.5,4.5,4.5,4.5,4.5,4.5,14.5,24.5,24.5,14.5,"R",0,0,0,1,0,0,0
"Comfortably Numb",1995,100,-1,4.5,18,24.5,14.5,4.5,14.5,14.5,14.5,0,4.5,0,4.5,"NC-17",0,0,0,1,0,0,0
"Commandments",1997,88,5e+06,5.4,468,4.5,4.5,4.5,4.5,14.5,14.5,14.5,14.5,4.5,4.5,"R",0,0,1,1,0,1,0
"Comme une image",2004,110,-1,7.3,924,4.5,4.5,4.5,4.5,4.5,14.5,24.5,24.5,14.5,4.5,"PG-13",0,0,1,1,0,1,0
"Committed",2000,98,3e+06,5.2,739,4.5,4.5,4.5,14.5,14.5,14.5,14.5,4.5,4.5,4.5,"R",0,0,1,1,0,0,0
"Company Man",2000,86,1.6e+07,4.8,492,4.5,4.5,4.5,14.5,14.5,14.5,14.5,4.5,4.5,4.5,"PG-13",0,0,1,0,0,0,0
"Company, The",2003,112,1.5e+07,6.2,1505,14.5,4.5,4.5,4.5,4.5,14.5,14.5,14.5,4.5,14.5,"PG-13",0,0,0,1,0,0,0
"Complicity",2000,99,-1,5.6,160,4.5,4.5,4.5,4.5,24.5,24.5,24.5,4.5,4.5,4.5,"R",0,0,0,1,0,0,0
"Comunidad, La",2000,110,2e+06,7.2,1270,4.5,4.5,4.5,4.5,4.5,14.5,24.5,24.5,14.5,14.5,"R",0,0,1,0,0,0,0
"Coneheads",1993,88,-1,4.9,5249,4.5,4.5,4.5,14.5,14.5,24.5,14.5,4.5,4.5,4.5,"PG",0,0,1,0,0,0,0
"Confession, The",1999,114,4e+06,5.8,519,4.5,4.5,4.5,4.5,14.5,24.5,24.5,14.5,4.5,4.5,"R",0,0,0,1,0,0,0
"Confessions of a Dangerous Mind",2002,113,2.9e+07,7.1,11487,4.5,4.5,4.5,4.5,4.5,14.5,24.5,24.5,14.5,4.5,"R",0,0,0,1,0,0,0
"Confessions of a Teenage Drama Queen",2004,89,1.5e+07,4.4,2205,14.5,4.5,14.5,14.5,14.5,14.5,4.5,4.5,4.5,4.5,"PG",0,0,1,0,0,0,0
"Confidence",2003,97,1.5e+07,6.8,6168,4.5,4.5,4.5,4.5,4.5,14.5,34.5,24.5,4.5,4.5,"R",0,0,0,1,0,0,0
"Confidences trop intimes",2004,104,-1,7,751,4.5,4.5,4.5,4.5,4.5,14.5,24.5,24.5,14.5,4.5,"R",0,0,0,1,0,0,0
"Congo",1995,109,5e+07,4.4,8058,14.5,4.5,14.5,14.5,14.5,14.5,4.5,4.5,4.5,4.5,"PG-13",1,0,0,0,0,0,0
"Connie and Carla",2004,98,-1,6.1,1367,4.5,4.5,4.5,4.5,14.5,14.5,14.5,14.5,4.5,14.5,"PG-13",0,0,1,0,0,0,0
"Consequence",2003,97,-1,4.5,104,4.5,4.5,4.5,14.5,14.5,14.5,14.5,4.5,4.5,14.5,"R",0,0,0,0,0,0,0
"Conspiracy Theory",1997,135,7.5e+07,6.4,15470,4.5,4.5,4.5,4.5,4.5,14.5,24.5,14.5,4.5,4.5,"R",0,0,0,1,0,1,0
"Contact",1997,153,9e+07,7.3,36390,4.5,4.5,4.5,4.5,4.5,4.5,14.5,24.5,14.5,24.5,"PG",0,0,0,1,0,0,0
"Contaminated Man, The",2000,100,-1,4.6,300,4.5,4.5,14.5,14.5,14.5,14.5,4.5,4.5,4.5,4.5,"R",0,0,0,0,0,0,0
"Conte d'automne",1998,112,-1,7.1,855,4.5,4.5,4.5,4.5,4.5,4.5,14.5,34.5,14.5,14.5,"PG",0,0,0,0,0,1,0
"Contender, The",2000,126,9e+06,6.9,7023,4.5,4.5,4.5,4.5,4.5,14.5,24.5,24.5,14.5,4.5,"R",0,0,0,1,0,0,0
"Contract, The",2000,42,-1,4.2,6,14.5,14.5,14.5,0,14.5,0,34.5,0,0,0,"R",0,0,0,0,0,0,1
"Controlled Chaos",2003,93,-1,5.1,11,14.5,0,0,24.5,0,0,0,24.5,4.5,14.5,"R",0,0,1,1,0,0,0
"Controvento",2000,98,-1,5.4,25,4.5,0,14.5,14.5,24.5,4.5,24.5,4.5,4.5,4.5,"R",0,0,0,1,0,0,0
"Convent, The",2000,84,-1,4.8,629,14.5,14.5,4.5,4.5,4.5,14.5,14.5,14.5,4.5,14.5,"R",0,0,0,0,0,0,0
"Convergence",1999,93,-1,4.3,212,14.5,14.5,14.5,14.5,14.5,14.5,14.5,4.5,4.5,4.5,"R",0,0,0,0,0,0,0
"Cookers",2001,96,-1,8.6,22,0,4.5,4.5,0,4.5,0,0,14.5,14.5,45.5,"R",0,0,0,1,0,0,0
"Cookie's Fortune",1999,118,-1,6.9,4727,4.5,4.5,4.5,4.5,4.5,14.5,24.5,24.5,14.5,4.5,"PG-13",0,0,1,1,0,0,0
"Cookout, The",2004,97,-1,3.2,368,34.5,14.5,14.5,14.5,4.5,4.5,4.5,4.5,4.5,4.5,"PG-13",0,0,1,0,0,0,0
"Cool, Dry Place, A",1998,97,-1,6.3,725,4.5,4.5,4.5,4.5,4.5,24.5,24.5,14.5,4.5,14.5,"PG-13",0,0,0,1,0,0,0
"Cooler, The",2003,101,-1,7,6329,4.5,4.5,4.5,4.5,4.5,14.5,34.5,24.5,4.5,4.5,"R",0,0,1,1,0,1,0
"Cop Land",1997,116,1.5e+07,6.7,12677,4.5,4.5,4.5,4.5,4.5,14.5,34.5,24.5,4.5,4.5,"R",0,0,0,1,0,0,0
"Copycat",1995,123,2e+07,6.5,7804,4.5,4.5,4.5,4.5,14.5,24.5,24.5,24.5,4.5,4.5,"R",0,0,0,1,0,0,0
"Cord",2000,100,-1,5.3,384,14.5,4.5,4.5,14.5,14.5,14.5,14.5,4.5,4.5,4.5,"R",0,0,0,1,0,0,0
"Core, The",2003,135,7.4e+07,5.4,7860,4.5,4.5,4.5,14.5,14.5,24.5,14.5,4.5,4.5,4.5,"PG-13",1,0,0,1,0,0,0
"Corky Romano",2001,86,1.1e+07,4.6,2463,14.5,4.5,4.5,14.5,14.5,14.5,14.5,4.5,4.5,4.5,"PG-13",0,0,1,0,0,0,0
"Coronado",2003,88,4700000,4.5,411,4.5,14.5,14.5,14.5,14.5,14.5,14.5,4.5,4.5,4.5,"PG-13",1,0,1,0,0,0,0
"Corporate Fantasy",1999,86,-1,3.1,46,14.5,4.5,14.5,14.5,14.5,14.5,4.5,4.5,4.5,4.5,"R",0,0,0,1,0,1,0
"Corporate Ladder, The",1997,112,-1,4.6,72,4.5,4.5,4.5,14.5,14.5,14.5,4.5,4.5,4.5,4.5,"R",1,0,0,0,0,0,0
"Corpse, The",1970,91,-1,3.6,73,14.5,14.5,4.5,14.5,14.5,4.5,4.5,4.5,4.5,4.5,"R",0,0,0,1,0,0,0
"Corruptor, The",1999,99,-1,5.5,4312,4.5,4.5,4.5,4.5,14.5,24.5,24.5,14.5,4.5,4.5,"R",1,0,0,1,0,0,0
"Cosi",1996,103,-1,6.8,536,4.5,4.5,4.5,4.5,4.5,14.5,14.5,24.5,14.5,14.5,"R",0,0,1,0,0,0,0
"Cotton Mary",1999,124,3500000,5.3,164,4.5,4.5,4.5,14.5,14.5,14.5,4.5,14.5,4.5,4.5,"R",0,0,0,1,0,0,0
"Count Yorga, Vampire",1970,90,-1,5.4,278,4.5,4.5,4.5,4.5,14.5,24.5,14.5,14.5,4.5,4.5,"PG-13",0,0,0,0,0,0,0
"Count of Monte Cristo, The",2002,134,3.5e+07,7.4,13907,4.5,4.5,4.5,4.5,4.5,4.5,24.5,24.5,14.5,14.5,"PG-13",1,0,0,1,0,0,0
"Counter Measures",1999,90,-1,3.7,119,14.5,14.5,14.5,4.5,14.5,14.5,4.5,4.5,4.5,4.5,"R",1,0,0,1,0,0,0
"Country Life",1994,114,-1,6.2,280,4.5,4.5,4.5,4.5,4.5,14.5,24.5,14.5,14.5,14.5,"PG-13",0,0,0,1,0,1,0
"Country of My Skull",2004,104,1.2e+07,5.1,194,14.5,4.5,4.5,4.5,4.5,14.5,4.5,4.5,4.5,24.5,"R",0,0,0,1,0,0,0
"Courage Under Fire",1996,117,4.6e+07,6.7,8884,4.5,4.5,4.5,4.5,4.5,14.5,24.5,24.5,4.5,4.5,"R",1,0,0,1,0,0,0
"Cousin Bette",1998,108,-1,6.2,628,4.5,4.5,4.5,4.5,14.5,24.5,24.5,14.5,4.5,4.5,"R",0,0,1,1,0,0,0
"Cover Me",1995,94,-1,3.5,79,14.5,14.5,14.5,14.5,14.5,4.5,4.5,4.5,4.5,14.5,"R",1,0,0,0,0,0,0
"Cover Story",2002,92,-1,3.5,64,14.5,14.5,14.5,14.5,4.5,4.5,4.5,4.5,4.5,14.5,"R",0,0,0,0,0,0,0
"Cowboy Up",2001,105,-1,5.3,143,4.5,4.5,4.5,4.5,14.5,24.5,14.5,14.5,4.5,14.5,"PG-13",0,0,0,1,0,1,0
"Cowboys and Angels",2000,97,-1,6.5,83,0,4.5,4.5,0,4.5,14.5,14.5,24.5,14.5,14.5,"PG",0,0,0,0,0,1,0
"Coyote Run",1996,101,-1,3.9,37,24.5,14.5,14.5,14.5,4.5,24.5,4.5,4.5,0,4.5,"R",0,0,0,0,0,0,0
"Coyote Ugly",2000,100,4.5e+07,5.4,13221,4.5,4.5,4.5,4.5,14.5,14.5,14.5,14.5,4.5,4.5,"R",0,0,1,1,0,1,0
"Crack in the Floor, A",2000,90,-1,2.5,199,44.5,14.5,14.5,4.5,4.5,4.5,4.5,4.5,4.5,14.5,"R",0,0,0,0,0,0,0
"Crackerjack 2",1996,96,-1,2.7,69,24.5,14.5,14.5,14.5,4.5,4.5,4.5,4.5,4.5,4.5,"R",1,0,0,0,0,0,0
"Crackerjack 3",2000,97,-1,4.8,29,24.5,0,14.5,4.5,14.5,4.5,0,4.5,4.5,34.5,"PG-13",1,0,0,0,0,0,0
"Cradle 2 the Grave",2003,101,2.5e+07,5.3,4164,4.5,4.5,4.5,14.5,14.5,24.5,14.5,4.5,4.5,4.5,"R",1,0,0,0,0,0,0
"Cradle Will Rock",1999,132,3.2e+07,6.7,3375,4.5,4.5,4.5,4.5,4.5,14.5,14.5,24.5,14.5,14.5,"R",0,0,0,1,0,0,0
"Craft, The",1996,101,1.5e+07,5.9,9187,4.5,4.5,4.5,4.5,14.5,24.5,24.5,14.5,4.5,4.5,"R",0,0,1,1,0,0,0
"Crash",2004,113,6500000,8.3,1660,4.5,4.5,4.5,4.5,4.5,4.5,4.5,14.5,24.5,45.5,"R",0,0,0,1,0,0,0
"Crash Point Zero",2000,89,-1,2.8,97,34.5,14.5,14.5,14.5,4.5,4.5,0,0,4.5,14.5,"R",1,0,0,0,0,0,0
"Crazy Six",1998,94,-1,1.9,273,45.5,14.5,4.5,4.5,4.5,4.5,4.5,4.5,4.5,4.5,"R",1,0,0,0,0,0,0
"Crazy as Hell",2002,113,-1,5.5,174,4.5,4.5,4.5,4.5,14.5,14.5,14.5,14.5,4.5,14.5,"R",0,0,0,1,0,0,0
"Crazy in Alabama",1999,111,1.5e+07,6.1,2086,4.5,4.5,4.5,4.5,14.5,14.5,24.5,14.5,14.5,4.5,"PG-13",0,0,1,1,0,0,0
"Crazy/Beautiful",2001,135,1.4e+07,6.5,4503,4.5,4.5,4.5,4.5,4.5,14.5,24.5,14.5,4.5,4.5,"PG-13",0,0,0,1,0,1,0
"Crazysitter, The",1995,92,-1,3.8,79,4.5,14.5,14.5,4.5,14.5,14.5,14.5,4.5,4.5,14.5,"PG-13",0,0,1,1,0,0,0
"Creeps, The",1997,80,-1,3.2,107,24.5,14.5,14.5,4.5,4.5,4.5,4.5,4.5,4.5,14.5,"PG-13",0,0,1,0,0,0,0
"Crew, The",2000,84,2.3e+07,5.3,1297,4.5,4.5,4.5,14.5,14.5,24.5,14.5,4.5,4.5,4.5,"PG-13",0,0,1,0,0,0,0
"Crier, The",1995,78,250000,3.3,12,34.5,14.5,4.5,4.5,4.5,0,0,14.5,0,4.5,"R",0,0,0,0,0,0,0
"Crime Partners 2000",2001,102,250000,4.4,57,14.5,14.5,4.5,0,14.5,14.5,14.5,4.5,4.5,14.5,"R",0,0,0,0,0,0,0
"Crime Spree",2003,98,1e+07,6.3,953,4.5,4.5,4.5,4.5,4.5,14.5,24.5,14.5,4.5,14.5,"R",0,0,1,0,0,0,0
"Crime and Punishment in Suburbia",2000,98,-1,5.8,873,4.5,4.5,4.5,4.5,4.5,14.5,14.5,14.5,4.5,24.5,"R",0,0,0,1,0,0,0
"Crimebroker",1993,93,-1,4.6,49,4.5,0,14.5,14.5,24.5,24.5,14.5,4.5,4.5,4.5,"R",1,0,0,0,0,0,0
"Crimen del padre Amaro, El",2002,118,1800000,7,2469,4.5,4.5,4.5,4.5,4.5,14.5,24.5,24.5,14.5,14.5,"R",0,0,0,1,0,1,0
"Crimetime",1996,118,-1,3,359,45.5,4.5,4.5,4.5,4.5,4.5,4.5,4.5,4.5,4.5,"R",0,0,0,0,0,0,0
"Criminal",2004,87,-1,6.4,762,4.5,4.5,4.5,4.5,14.5,24.5,24.5,14.5,4.5,4.5,"R",0,0,1,1,0,0,0
"Criminal Hearts",1995,92,-1,4.8,74,4.5,4.5,4.5,24.5,14.5,4.5,14.5,4.5,14.5,14.5,"R",1,0,0,1,0,0,0
"Criminal Minds",1998,88,-1,6.5,6,14.5,0,0,14.5,0,0,14.5,0,45.5,0,"R",1,0,0,0,0,0,0
"Criminal, The",1999,99,-1,5.5,152,4.5,4.5,4.5,4.5,14.5,24.5,14.5,14.5,4.5,14.5,"R",1,0,0,1,0,0,0
"Crimson Tide",1995,116,5.3e+07,7.1,14033,4.5,4.5,4.5,4.5,4.5,14.5,24.5,24.5,14.5,4.5,"R",1,0,0,1,0,0,0
"Critical Care",1997,107,1.2e+07,5.8,397,4.5,4.5,4.5,4.5,14.5,14.5,14.5,14.5,4.5,4.5,"R",0,0,1,1,0,0,0
"Critical Mass",2000,92,-1,4.1,86,24.5,14.5,14.5,14.5,4.5,14.5,4.5,4.5,4.5,14.5,"R",1,0,0,1,0,0,0
"Crna macka, beli macor",1998,123,-1,7.6,4613,4.5,4.5,4.5,4.5,4.5,4.5,14.5,24.5,24.5,34.5,"R",0,0,1,0,0,1,0
"Crocodile 2: Death Swamp",2002,89,-1,3.6,249,14.5,14.5,14.5,14.5,4.5,4.5,4.5,4.5,4.5,4.5,"R",0,0,0,0,0,0,0
"Crocodile Dundee in Los Angeles",2001,92,2.5e+07,4.7,2698,4.5,4.5,4.5,14.5,14.5,14.5,14.5,4.5,4.5,4.5,"PG",0,0,1,1,0,0,0
"Crocodile Hunter: Collision Course, The",2002,90,1.3e+07,5.3,1648,4.5,4.5,4.5,4.5,14.5,24.5,14.5,4.5,4.5,4.5,"PG",0,0,1,0,0,0,0
"Crosscut",1996,98,-1,5.5,43,4.5,4.5,4.5,4.5,4.5,34.5,24.5,4.5,4.5,14.5,"R",1,0,0,1,0,0,0
"Crossing Guard, The",1995,111,-1,6.3,2269,4.5,4.5,4.5,4.5,14.5,14.5,24.5,14.5,4.5,4.5,"R",0,0,0,1,0,0,0
"Crossplot",1969,96,1e+06,4.1,49,4.5,4.5,14.5,14.5,24.5,14.5,4.5,4.5,0,14.5,"PG-13",0,0,0,0,0,0,0
"Crossroads",2002,93,1.2e+07,3.1,8546,44.5,4.5,4.5,4.5,4.5,4.5,4.5,4.5,4.5,4.5,"PG-13",0,0,1,1,0,1,0
"Crossworlds",1996,90,-1,5.1,496,4.5,4.5,4.5,14.5,14.5,14.5,14.5,4.5,4.5,4.5,"PG-13",1,0,1,0,0,0,0
"Crow: City of Angels, The",1996,84,1.3e+07,3.8,3656,14.5,14.5,14.5,14.5,14.5,14.5,4.5,4.5,4.5,4.5,"R",1,0,0,0,0,0,0
"Crow: Salvation, The",2000,102,2.5e+07,4.9,1383,4.5,4.5,4.5,4.5,14.5,14.5,14.5,4.5,4.5,14.5,"R",1,0,0,1,0,0,0
"Crude Oasis, The",1995,92,-1,5.6,35,4.5,0,4.5,14.5,14.5,4.5,14.5,24.5,4.5,4.5,"R",0,0,0,1,0,1,0
"Cruel Intentions",1999,97,1.1e+07,6.5,25634,4.5,4.5,4.5,4.5,4.5,14.5,24.5,14.5,14.5,14.5,"R",0,0,0,1,0,1,0
"Cry of the Banshee",1970,87,5e+05,4.6,180,4.5,4.5,4.5,14.5,24.5,24.5,14.5,4.5,4.5,4.5,"R",0,0,0,0,0,0,0
"Cry, the Beloved Country",1995,106,-1,6.4,387,4.5,4.5,4.5,4.5,4.5,14.5,24.5,14.5,14.5,14.5,"PG-13",0,0,0,1,0,0,0
"Crying Game, The",1992,112,-1,7.3,9524,4.5,4.5,4.5,4.5,4.5,14.5,14.5,24.5,14.5,14.5,"R",0,0,0,1,0,1,0
"Cube",1997,90,-1,7.4,16205,4.5,4.5,4.5,4.5,4.5,4.5,14.5,24.5,14.5,14.5,"R",0,0,0,0,0,0,0
"Cube 2: Hypercube",2002,95,-1,5.6,4536,4.5,4.5,4.5,14.5,14.5,24.5,14.5,14.5,4.5,4.5,"R",0,0,0,0,0,0,0
"Cube Zero",2004,97,-1,5.7,1570,4.5,4.5,4.5,4.5,14.5,24.5,24.5,14.5,4.5,4.5,"R",0,0,0,1,0,0,0
"Cupid",1997,95,-1,4.1,96,4.5,14.5,4.5,14.5,24.5,4.5,4.5,4.5,4.5,4.5,"R",0,0,0,0,0,0,0
"Curdled",1996,88,2309723,5.5,959,4.5,4.5,4.5,4.5,14.5,14.5,14.5,14.5,4.5,14.5,"R",0,0,1,0,0,0,0
"Cure for Boredom, The",2000,87,-1,4.4,21,14.5,0,14.5,4.5,4.5,14.5,4.5,4.5,4.5,24.5,"R",0,0,1,0,0,0,0
"Cure, The",1995,97,-1,6.9,1568,4.5,4.5,4.5,4.5,4.5,4.5,14.5,14.5,14.5,34.5,"PG-13",0,0,0,1,0,0,0
"Curse of the Forty-Niner",2003,86,-1,3,99,24.5,24.5,4.5,14.5,4.5,4.5,4.5,4.5,4.5,14.5,"R",0,0,0,0,0,0,0
"Curse of the Jade Scorpion, The",2001,103,2.6e+07,6.8,5846,4.5,4.5,4.5,4.5,4.5,14.5,24.5,24.5,4.5,4.5,"PG-13",0,0,1,1,0,0,0
"Curse of the Puppet Master",1998,77,250000,2.7,267,24.5,14.5,14.5,4.5,14.5,4.5,4.5,4.5,4.5,4.5,"R",0,0,0,0,0,0,0
"Curse of the Starving Class",1994,102,-1,2.6,370,45.5,4.5,4.5,4.5,4.5,4.5,4.5,4.5,4.5,14.5,"R",0,0,0,1,0,0,0
"Cursed",2005,97,3.5e+07,4.7,1277,14.5,4.5,4.5,14.5,14.5,14.5,14.5,4.5,4.5,14.5,"R",0,0,0,0,0,0,0
"Cut",2000,98,-1,4.2,868,14.5,4.5,14.5,14.5,14.5,14.5,4.5,4.5,4.5,4.5,"R",0,0,1,0,0,0,0
"Cutaway",2000,104,9e+06,5.1,390,4.5,4.5,4.5,4.5,14.5,24.5,14.5,4.5,4.5,4.5,"R",1,0,0,0,0,0,0
"Cutthroat Island",1995,119,9.2e+07,5.1,3942,4.5,4.5,4.5,14.5,14.5,14.5,14.5,4.5,4.5,4.5,"PG-13",1,0,0,0,0,1,0
"Cyber-Tracker 2",1995,97,-1,3.1,67,24.5,24.5,4.5,4.5,14.5,4.5,4.5,4.5,4.5,14.5,"R",1,0,0,0,0,0,0
"Cyberella: Forbidden Passions",1996,87,-1,2.7,40,14.5,14.5,4.5,4.5,14.5,4.5,14.5,4.5,4.5,14.5,"R",0,0,0,0,0,1,0
"Cyberjack",1995,99,-1,3.7,106,14.5,14.5,24.5,14.5,4.5,14.5,4.5,4.5,4.5,4.5,"R",1,0,0,0,0,0,0
"Cyborg 3: The Recycler",1994,90,-1,3.5,110,24.5,14.5,14.5,14.5,4.5,4.5,4.5,4.5,4.5,4.5,"R",1,0,0,0,0,0,0
"Cyborg Cop III",1995,94,-1,2.9,37,34.5,14.5,4.5,14.5,4.5,4.5,14.5,4.5,0,4.5,"R",1,0,0,0,0,0,0
"Cypher",2002,95,7500000,7.2,3160,4.5,4.5,4.5,4.5,4.5,14.5,24.5,24.5,14.5,14.5,"R",1,0,0,0,0,0,0
"Cypress Edge",1999,90,-1,2.9,37,14.5,24.5,14.5,14.5,14.5,4.5,4.5,4.5,0,4.5,"R",0,0,0,1,0,0,0
